#S(RANDOM-STATE :STATE #.(MAKE-ARRAY 627 :ELEMENT-TYPE '(UNSIGNED-BYTE 32)
                                     :INITIAL-CONTENTS
                                     '(0 2567483615 303 4085927054 3933580594
                                       4150398186 905282493 640049423 667213617
                                       2253512357 1750470514 542457904
                                       1295679437 2178701576 2294330887
                                       55940199 3896530819 3393856042
                                       2681631123 3076473647 4290354233
                                       439366843 3212388800 641879995 428306460
                                       1057279646 3993217196 2980767295
                                       1933776971 144850981 1675969331
                                       110976387 1052954964 881178855
                                       2166773431 3643656633 1160495147
                                       2643258696 470813989 3565987184
                                       126352602 1100555376 4277176966
                                       2949470989 4273741231 40116439
                                       1137888814 519576664 2922625293
                                       2957319669 910866473 735301434 113027557
                                       4146449748 3101045410 829630711
                                       306198069 1128756481 960200822 920837774
                                       2445211860 2711100316 1822294907
                                       1296151175 2617183014 1585338693
                                       3009343617 2924461297 2978871955
                                       4139886196 132431627 2990492615
                                       1356816108 2850398705 2389793051
                                       3743711135 2908423648 4192159284
                                       2504156807 3356139076 760942092
                                       2522122961 639178181 2500347668
                                       1053822419 296982638 1102654371
                                       3490744586 4022344019 727405797
                                       4070484551 1167726753 8508226 3923263531
                                       2870513985 3725611296 274755906
                                       2285142161 4081156914 1774981669
                                       226963819 1309982374 1544782684
                                       3286062926 1881055757 1209494912
                                       1173272555 2208771372 3493892203
                                       1142034595 1761980895 3620322286
                                       495965093 2110272778 2537676030
                                       2812441829 873611230 245214840 579967486
                                       2408879684 2859064971 4050748787
                                       438817029 2859354599 4146486874
                                       3100365733 1799071139 1612600993
                                       1807673330 2163993280 4153548498
                                       2150179508 3267481336 707978894
                                       2578521132 1751617003 2164487846
                                       252018298 1162321711 1386834312
                                       1394332890 2197796312 3772179802
                                       1797648243 130496458 1929734155
                                       3473261282 2458601454 3695321663
                                       2046731534 3403210474 4150334985
                                       1770504645 2328697205 2672656972
                                       2937363929 2009201419 1326421763
                                       1279969138 1275076010 3380963886
                                       1857378209 3276015993 1517418972
                                       2495713710 4039324399 3891122304
                                       814966412 2340779208 1051354743
                                       562588579 3227544610 3137363516 37618287
                                       1663037461 40540357 3336228773
                                       3747255211 947469813 3894122155
                                       1579348123 3524579819 982089367
                                       2637256381 4101996187 4178153734
                                       3391297203 1257457073 687566787
                                       1393023385 819981742 1124017802
                                       1204522742 985045309 13758739 3937355249
                                       2740494764 1232812036 2088672168
                                       2497925268 163286649 1830901785
                                       109390897 3039114748 1317976370 17057750
                                       310340896 3967021123 2276887144
                                       3333624082 4262180255 2036286985
                                       2330755782 3435445725 3941884328
                                       2878973414 3712235060 3802736344
                                       104372279 414939606 3135084809
                                       2536429149 3094067883 524327312
                                       1745507291 1617034814 3598414345
                                       1959265783 2164623807 4179025414
                                       4086630762 4028696742 2952333138
                                       413710301 735883876 2465884949
                                       1323965560 35693552 3823426250
                                       3037274988 3412857668 4240196971
                                       1046019677 765617237 2001908782
                                       1373109746 1669627931 3302811376
                                       1216963158 2326908503 3425106433
                                       1714931065 3096062541 989669030
                                       1890501889 4172182496 2874643856
                                       1398491033 777043220 3436020021
                                       1760971771 1363310518 533428241
                                       2516357905 3688863382 3345954517
                                       2957477727 510032941 4028349362
                                       3940880000 588973881 3927927173
                                       601477957 391927483 1139119571
                                       1983883793 255480008 3485158494
                                       749489162 3011925726 2608709711
                                       3674832523 2935448079 4155090147
                                       1659651537 1065455857 2928878845
                                       73483222 890077621 1779938967 847873519
                                       1134172697 2652201057 1695955049
                                       198674108 1182193475 3815960081
                                       491017034 437758128 3985850910
                                       3703272584 2725787991 2571573438
                                       131839531 2046348244 2830055788
                                       3449742699 2210301907 4291817079
                                       4182966317 695876875 2458640906
                                       3468263220 768367396 2622616849
                                       2805300881 7656515 563401860 2816677812
                                       1902468390 939348531 688892564
                                       2140226449 3028108191 1701643725
                                       3565622203 2856277629 1873874619
                                       3355092441 2828402407 3901536185
                                       1914907832 990463798 3426726428
                                       3593627444 3580685428 1013525196
                                       1042440983 67154922 3430552689
                                       2312544935 133657596 749913988 120503330
                                       3034204877 3414107741 3832779455
                                       1618197426 348861864 1636333339
                                       3080549587 716215884 1203453767
                                       981507102 4005545898 767974605
                                       3192165379 206707237 1171394085
                                       2919921233 562655451 2977204273
                                       3962610517 3859019448 306338047
                                       4139415468 2159667557 1246628174
                                       1231335432 2061267505 389681368
                                       179898409 661538006 1854838196
                                       4005119574 4260598734 1452474809
                                       1564218555 1212633347 1705472726
                                       1903487461 694265840 661151674 325040942
                                       818510041 1094792818 3905097723
                                       2651112265 1093855396 325107171
                                       2119483199 224374953 1612584044
                                       2203210522 3506420207 3530589814
                                       1431742235 3169397473 1406858465
                                       460809722 726694906 4289502720 285408468
                                       1546569130 227294894 3928422543
                                       1764977085 2089766415 3310957522
                                       1209859933 3245610898 1692979331
                                       3884126153 4222151174 787292189
                                       2014006974 974420029 1732684047
                                       1062939675 3832355273 409150338
                                       3675146883 55674187 105886617 584996881
                                       2922796525 1122310939 2592617606
                                       2909093766 270440948 2106197673
                                       2858102466 2171206163 1213594670
                                       794710616 1168996280 2068491756
                                       2100908262 3051446459 431414948
                                       2979291307 3085886105 808468325
                                       961551702 1713643900 505225538 267747678
                                       1088519846 386772108 802858106
                                       2884987298 2026704076 1955160893
                                       1586374069 2222126134 523925043
                                       567417977 824830957 3622625622 957678828
                                       89093444 2852275376 1914297545
                                       2456664777 3202496463 3749750219
                                       752100097 2261865892 1954438629
                                       2959959380 4012016473 1695604841
                                       305516653 1513431348 734814264
                                       4081802730 2643086469 1449661223
                                       2012248757 2791788774 2949886164
                                       1464761356 1358361217 1258632501
                                       2325082601 560298049 2931067680
                                       2287471938 4060225391 1145809915
                                       500642802 3593581611 3525456742
                                       1470555678 3349787796 889792405
                                       2603174091 529659957 3989132554
                                       3687994875 4095854220 2449466556
                                       1472429077 1784661067 3081793208
                                       3693298077 708419761 304776988
                                       1830425368 1233511163 1639757257
                                       1482505696 1598802421 3624941697
                                       3124353947 1852840343 1545726397
                                       3106908915 2742388756 292921523
                                       2521897601 94197656 1923969334
                                       3299721495 120365355 1754208287
                                       956593348 307658356 3150754138
                                       2733894045 337136276 3947101031
                                       2227327886 1281851850 1050823316
                                       1416588589 3580397820 1231619729
                                       3827433428 190285517 1771002116
                                       688906341 226869706 206748119 757712465
                                       2277323867 3815289755 2341901333
                                       2589480563 3289174069 3228522600
                                       500362468 2636355074 1823094423
                                       4171047317 3006362551 3171967190
                                       945695214 1250516731 1290364013
                                       3030102754 553528769 688894901 1850822
                                       2663566250 1040168629 2277508531
                                       2150021558 643703961 4181690498
                                       1825522783 3896525860 3640403983
                                       1923119149 4012851454 982742630
                                       2623055457 1978401218 184756197
                                       1081683463 4290535012 709096593
                                       2472058829 3533692772 3746957762
                                       2128629894 1183559063 1508212159
                                       2775827365 4254980247 1737073737
                                       2347010172 534121043 1884009649
                                       1897775283 3898476706 2654825315
                                       2105252762 4194513470 2351244358
                                       2744456135 3345879943 2846730633
                                       2239327493 3590363292 3696209260
                                       317413925 485714461 3433320897 887312614
                                       1666944630 1696259949 1478675660
                                       1226143675 529797188 410548284
                                       2126836808 700989321 2604759262
                                       3283313131 1649017228 700882245
                                       1447880382 1394274928 3300894890
                                       3005985214 582108093)))