#S(RANDOM-STATE :STATE #.(MAKE-ARRAY 627 :ELEMENT-TYPE '(UNSIGNED-BYTE 32)
                                     :INITIAL-CONTENTS
                                     '(0 2567483615 183 3080644836 2519385996
                                       226016717 3308220217 1485494657
                                       3391916404 2931641634 2325967651
                                       2596176910 2071379957 3786421091
                                       528081150 336486147 2976089835
                                       3019675604 1487716111 214255936
                                       851051940 3281927189 2555239858
                                       4172741518 4260966868 440921447
                                       1719186733 3193845076 3164329443
                                       2452321914 2375179855 3911906810
                                       2421175225 55406959 2750966705
                                       3391182202 4148795003 716192434
                                       122754967 3406023545 1062187329
                                       1742414950 3140208418 1511821265
                                       2083305705 1205000939 3385867422
                                       1341475576 1673270898 1439928184
                                       1020758162 2545726164 564547066
                                       1518872687 4077407614 1361130015
                                       1887948442 2615964722 85591590 842754684
                                       3533204981 4009109768 23310516
                                       4156632657 3471104189 1344989302
                                       1984155969 4157048152 3197547826
                                       1244407510 3752428336 2968680183
                                       2469299478 2148656429 3980646242
                                       3473657428 993277783 2552383892
                                       3602024967 1673586671 3924118323
                                       47543456 1005618076 2636169577
                                       2843193781 3273411727 67705802
                                       3812509077 1648268938 285273141
                                       3660475445 82969929 192012093 4259772910
                                       1593159872 897360570 176536041 481994387
                                       545111851 2765444180 3934231516
                                       4018908805 4211662471 1286102767
                                       4218247404 2580462487 3728240771
                                       3814288713 1843636792 1261741242
                                       2172378260 1326135974 2369411821
                                       742585481 2122269379 2699631604
                                       2302225185 1990043911 1459108634
                                       430350288 1033019950 2285775356
                                       953181011 394112381 736251630 362154789
                                       3406373733 3807804270 4003563961
                                       604710964 4293913618 3812156085
                                       1256004398 1212237817 2668519547
                                       1284925171 4042472366 4080442027
                                       2599739795 877452204 4230490323
                                       896414650 1179377318 1749326849
                                       3991900779 2236658314 3008792359
                                       565805442 3128813622 3480559645
                                       1398871114 607906806 1495296150
                                       2614551379 2279305623 3359206823
                                       946885957 2538003408 478003218 129814692
                                       4262566819 1374401083 2197915782
                                       526453517 3277011745 4273148083
                                       1392112729 230485277 1555396277
                                       3370242477 211076608 2207186367
                                       1262868635 3012729129 2722262477
                                       783689566 3672362375 2230208876
                                       2450273038 27224864 184860375 3038191668
                                       505810286 3459728906 1628302146
                                       2599596803 4188372666 3758501477
                                       781517020 1471802961 3519104642
                                       3126861678 3510331322 2195937289
                                       3400803772 3039003865 884090217
                                       421341459 243577350 2376402924 991760363
                                       1068591040 1986635810 1927070298
                                       2462973920 3632764335 144303606
                                       3338080201 675777512 3032982665
                                       398130948 2595323664 1285115935
                                       2789237542 507585914 3984697991
                                       3181817921 3799716357 2863722822
                                       4127018759 250362687 4027329157
                                       2286938555 1739786322 2176138609
                                       3405718890 2262819724 1982426844
                                       2804096306 3091512564 2215261810
                                       772348302 3928630937 3369336385 24758030
                                       391867884 1703362945 958380120
                                       2032696274 3722358910 575447875
                                       2682523244 1223126779 2803320021
                                       1739516223 2087187167 3559295750
                                       2191143408 3663249291 126991110
                                       2804090319 2338428416 3560434585
                                       967238779 2478380780 1031592796
                                       2816813414 927079924 2098161033
                                       2875616850 2021908060 2373529116
                                       1003587018 2459072119 2240476928
                                       2536460737 1041558140 3943189024
                                       806409996 1718571776 683532221
                                       3740834473 2190999606 509799817
                                       1962712200 3607516500 2255820881
                                       3947304448 2522994375 1373170760
                                       4141714050 671990271 3254172192
                                       297821721 772754960 3841045737 335975283
                                       2714220724 2075473163 917003945 51452324
                                       901278432 4218473178 2087087545
                                       1042364536 282164604 3907061002
                                       364817429 3272893103 1978056315
                                       2061111672 1224759567 159694316
                                       2724355548 160581209 898726098 558631840
                                       3913135401 2511337361 3362843468
                                       109316563 819183360 1580804228
                                       1222219439 1965454951 868909067
                                       1592553172 1291128923 1775950693
                                       4040675284 2074740221 2973032103
                                       3877830560 2380163112 1718770338
                                       2212949607 2606582624 3946493041
                                       435593107 3097958655 507540352
                                       1862846317 1556957540 1235891291
                                       3065352991 3464099938 2321779327
                                       1716021392 352901685 1508718428
                                       310963011 788590971 1899103341 477666488
                                       1861869813 828262681 3750133579
                                       2548696486 2378201257 2320236062
                                       4260825446 498765491 1258176951
                                       1309563868 3198544288 367821554
                                       836710415 3345530324 3392291074
                                       4087901765 3603973720 2021926949
                                       4007898326 3968575438 2171897504
                                       3900068319 2110582674 2351597611
                                       3193820879 1647734518 1212183142
                                       3711765384 2240213623 3296000342
                                       700623896 1658819907 1041831889 7437716
                                       3553771265 2822551365 2675813713
                                       3817365798 3819908751 767559196
                                       3316088459 677296552 1185805212
                                       3720099845 2025279549 952802542
                                       3089715585 2110987703 2836310737
                                       2983779283 2592601190 179768421
                                       2246908699 2520742820 3553861725
                                       3662178127 479023480 2851746893
                                       3444939692 3406092555 2597712329
                                       450698302 1568237887 2910584422
                                       4007445824 4282339585 2850848557
                                       3265027003 1360385263 1399538511
                                       1051199827 711089591 3479914104
                                       1361258034 1904470492 3455567890
                                       1518810146 1547599727 3316127230
                                       2856213354 2573756831 2348732970
                                       2976990319 1123037895 1144800282
                                       2209358699 2748250277 3746967951
                                       137246564 2969598111 704622337
                                       2024697733 1491387478 1157747127
                                       271808370 3026788971 4076957429
                                       2924034068 3953219856 960887411
                                       1137434669 27752517 1722050390
                                       4279454733 2814185411 3485800739
                                       1600819845 78363532 1054535992
                                       2224452630 803850957 2980802118
                                       3663510938 3719065470 1915510229
                                       2103063535 1864658084 803774192
                                       2416883494 1750462814 2384400776
                                       3572723692 3483979818 1990711021
                                       3550682963 102251576 3463107875
                                       4261500500 4014344527 3115136740
                                       3351297561 2187133225 2977987175
                                       3380732614 1411645206 1733954672
                                       3784987605 2073716971 3580091523
                                       333979994 1514564017 1707843466
                                       2214925588 883113567 3253244231
                                       3743393135 1027623180 857211542
                                       1663328461 2653619763 2059200579
                                       1408376092 2795513149 3434981951
                                       2978940258 620815504 2057966418
                                       1657778428 3727946132 2503690964
                                       2948224623 4101221782 3627030610
                                       224605620 14311617 3561124357 2072372134
                                       4282876168 2844349853 3774516630
                                       3552668803 3079995761 2015730926
                                       3336140054 3233873034 3092716925
                                       622149118 830549565 3692717602
                                       1348512918 168328496 4133853451
                                       1852257960 3021363698 1571584983
                                       3375675986 1541327779 511608349 39443453
                                       2757277629 2970384523 3546168146
                                       2579481995 1569359281 1490797738
                                       3714383574 1155121162 1386921664
                                       1516195365 3494322147 1587442687
                                       1446511594 1863393067 1666475738
                                       3164011790 750949095 2998619668
                                       2778089705 3868959903 3281399700
                                       3051795124 2525201579 3642272123
                                       2230602014 1596623054 2525278838
                                       1654554789 3019127095 2974848244
                                       660788022 3975409964 2795330007
                                       2227111606 3509378569 1254990283
                                       1735624183 3662347224 1511768107
                                       2566666197 1602411222 3292337649
                                       4250916701 77633989 304230409 2074796327
                                       300965318 3136578062 1348617429
                                       1830194815 1922447978 2329857683
                                       982406009 2653189308 2094597681
                                       2862443728 2781143653 4233129883
                                       3592991832 769329613 2327563754
                                       2359273831 724608936 1592967911
                                       620515992 3027353341 4090113960
                                       1496949570 3368930518 40496820
                                       1632875999 1021589647 3065145169
                                       2480639571 3085687467 3477608811
                                       1141241518 436440782 3726188306
                                       3985158232 3572360533 1280975481
                                       962853699 4031466189 1907553975
                                       3538546885 2487758525 3791754340
                                       2127532944 1744952002 3093363810
                                       2426337700 1704769761 2173113149)))