#S(RANDOM-STATE :STATE #.(MAKE-ARRAY 627 :ELEMENT-TYPE '(UNSIGNED-BYTE 32)
                                     :INITIAL-CONTENTS
                                     '(0 2567483615 261 881906718 675477193
                                       3968590308 2566272058 221460829
                                       3972328777 801179627 3322634694
                                       4260647435 3393955608 1176537886
                                       2147133857 916128522 129470464
                                       1768479519 3872415968 1390487561
                                       3845058888 2320926263 3389590597
                                       1274907986 3633878692 3115326566
                                       972215164 3262817089 869007071
                                       1372753332 256698759 1822450877
                                       3548300208 698322717 3422253409
                                       3990316883 451087653 4020254462
                                       2520819810 3821394315 1336201152
                                       1550615591 304647433 3125602553
                                       1272084399 276584808 3592524281
                                       3290829730 1509800531 3378627593
                                       3653637186 2358161488 881746742
                                       2320245153 524523562 3999315742
                                       2235158824 63384628 3044352909
                                       2647603049 2786146128 3115136366
                                       2003002442 2843529896 520905987
                                       3122162398 1014112364 3109230961
                                       39354798 4038364915 914236110 407327941
                                       2540925605 2221764976 3613225776
                                       3455674986 1660501274 1398162301
                                       1117872590 277259050 2027645047
                                       2192302427 4000963479 2654293014
                                       1414111611 1565600204 1961170962
                                       3158107550 2975033882 4103060178
                                       2009772300 4035363496 2831038724
                                       357390147 910061696 317492356 653297282
                                       3480367385 1649897052 1209474271
                                       1079608251 1126425032 3320743567 1434278
                                       3746129027 3595496750 3638533539
                                       3976164402 91885054 842677169 3655820775
                                       3766799631 2113991705 3339718799
                                       2448927104 1086865718 303670447
                                       1752852464 3846770700 1986774388
                                       4104806820 2899305352 968865933
                                       1063609380 2442456353 2287233080
                                       478630324 3598777500 3771849909
                                       2244082411 1281084549 523905698
                                       3453279450 3712991142 2611500740
                                       3038466395 3129216375 1989313410
                                       1349129910 707477489 2796202662
                                       942679628 2062634770 1788286082
                                       3582110049 3376783290 1290587259
                                       2216649863 2981903629 3701810309
                                       2050949643 431406183 550743069
                                       1446993749 3937960674 3602070070
                                       993235690 2804539114 1338536447
                                       438648435 2845556768 2109720003
                                       3780663400 1196564558 3151508595
                                       3489016125 1426070634 2171044800
                                       4000934733 74667761 3279062725
                                       2396745254 3723442896 4152399212
                                       4258488473 1797121050 4149750494
                                       2025939953 1589231040 4258063104
                                       752947655 1142947151 2291277918
                                       2782251519 2768837896 239938874
                                       1866356177 489689486 1741421330
                                       578651500 359223124 2989421687 584361335
                                       842101807 516228044 2068691738 275185230
                                       1345956294 2501032816 1606168041
                                       2116370083 1821321860 921743743
                                       3364524823 2356959353 2868268274
                                       1183732206 2923977171 1147923027
                                       3698379768 3698490584 2570659522
                                       4011122287 2815516724 593540423
                                       2667765409 3583140267 2058419957
                                       1399396984 2188497109 3173391129
                                       599686411 2459516756 1202490775
                                       4223223059 3264563940 2829122822
                                       3472535870 4180453088 349030802
                                       1031407307 2980832453 2536842951
                                       2738084376 1258526868 2457444497
                                       1582219616 454425425 3510537495
                                       1888392395 3865265979 3346949999
                                       3485844473 167523192 837104855
                                       3240046832 109230695 2360520518
                                       3172994390 532805378 1609570018
                                       3973277857 1060749472 2851684450
                                       3681775045 2185785685 915926128
                                       709769309 860796137 760736514 3799567718
                                       1101922435 1692051796 1332326435
                                       2302049618 4157210112 1047316697
                                       1325981014 3035823098 1910954811
                                       1261578226 883401175 2802730754
                                       4055006167 2563144095 3398914955
                                       1057313106 3396884594 710104172
                                       428394221 333158685 329345501 2554272384
                                       2712429431 2334570902 1252421753 5972052
                                       256460675 1715585004 2404229487
                                       2684990116 828413005 1803475634
                                       155218486 829543770 1391539085
                                       1723940548 3230100324 476190711
                                       2958208316 911146854 431891501
                                       1584294188 1377150589 3160831512
                                       3216902189 2716994280 1652471657
                                       3956318491 3355825500 1526508636
                                       3464807697 847937672 397078561 968094192
                                       2280347532 2421892580 435344601
                                       642230262 3350792950 208808884 480928547
                                       1316347515 3956282407 2284713965
                                       1163182120 2079541574 2620133857
                                       215686230 3521131047 2646347561
                                       2456147272 2476715327 1336008627
                                       1722153957 3863526798 2139821438
                                       703554718 3061345458 1405359432
                                       1159775085 3542880389 3902211482
                                       797265130 3716329781 4291747190
                                       3697392284 1906852808 1607565398
                                       3384606754 3497447439 1194904760
                                       21422630 2171013909 3167402433 800169172
                                       386937136 3847730466 2218021424
                                       640293682 158237151 3481790979
                                       2167407169 3778857452 2488048493
                                       2615372909 637757158 99753415 3894051611
                                       2754601861 3262478108 1298408593
                                       1549656876 3184428085 504538845
                                       3521709553 2784720378 3461339375
                                       1191693298 3880693150 1811954439
                                       2407995573 2143605871 4181581667
                                       3825913995 637035070 1305657060
                                       2504956065 2843646387 2120574270
                                       1676668427 3739945357 3749556432
                                       2793339875 2451176079 4245723011
                                       3431286600 4088844737 3476921940
                                       2802891371 1701537899 1955697291
                                       2373474595 2029751493 3965520178
                                       935583672 3338428401 365495348
                                       1677817754 797605075 4293561931
                                       1378586160 2565851423 1306497050
                                       445862612 1423175659 825513670
                                       2192718297 201952882 1072208192
                                       715608682 3699990260 2798752646
                                       1640449050 1188913700 671581349
                                       2188476409 59799477 4148005698
                                       1567134843 1464573051 630933682
                                       3559169003 3281898046 2760830586
                                       981003473 3754532530 2547372590
                                       1596282855 1763136504 302698265
                                       208192393 1498478519 993045538 318055921
                                       1077725917 2968680211 1624974867
                                       2118377937 2216593518 719893192
                                       3918653582 1786472194 3802621597
                                       3213996139 3180254700 2290323411
                                       4283759130 3489353529 4174142827
                                       1864889925 1093440976 2939996796
                                       2073541102 1203958550 3105031067
                                       2653574725 3168645685 3064942602
                                       326374178 1182879859 2562978433
                                       3054869979 4279680047 3320430101
                                       1933788252 829007172 525116088 335052076
                                       591104035 844028963 726450402 115335161
                                       4287192150 4166072555 4100945542
                                       2260712233 3937159852 1500427574
                                       2533218652 1202165980 2760541232
                                       1092997070 1410545730 2473278400
                                       4076062613 2151135671 462047316
                                       3091954031 1855891519 1369367763
                                       1860950169 3978392536 2288059492
                                       497905487 3224657999 4214244919
                                       722425801 3327626425 2149821529
                                       2992290717 2965707537 3932260589
                                       451818708 4294420364 3110656209
                                       3961009635 2225598657 3571747670
                                       173697870 1177986558 4147745949
                                       2505036635 2996105102 3608689775
                                       4239360141 3884056950 3458061826
                                       3170692288 742894247 3779331648
                                       262828794 2820791040 1803506182
                                       2831861284 1769540144 1735511643
                                       996610662 2382993626 3540943043
                                       3293541019 118299683 1625615176
                                       3107443208 2155800218 2987836465
                                       1527060801 3058283976 1735298715
                                       253820012 1846519026 3472262822
                                       465720194 754819767 237926526 863431629
                                       973505379 3418539679 1608660996
                                       1482395450 1445442620 2729890183
                                       2571209557 367857701 3008493548
                                       2627144008 4087533604 1059853398
                                       1361815287 2752599939 2664453649
                                       1836512810 3904502953 4009462730
                                       3033063150 3559319072 2541991247
                                       586244294 1043144561 948514262 975251523
                                       2522289294 1735110975 2099055820
                                       3965443800 1475516746 1346596805
                                       1475865646 2115055270 2013375706
                                       2951528872 923766022 2362133038
                                       109293665 1986629415 1602343229
                                       2041131382 4070625128 512464785
                                       1902914553 2523806662 1367940863
                                       696395870 3404809535 1965956112
                                       399865904 2746626060 1457098052
                                       1838545317 1872828028 2946322136
                                       331463020 4237800137 3521347769
                                       2548626126 2985925962 1694969917
                                       1868294885 16886537 1419436793 828131575
                                       4061675936 1109961387 3231871190
                                       1184887530 2288531068 4250456164)))