#S(RANDOM-STATE :STATE #.(MAKE-ARRAY 627 :ELEMENT-TYPE '(UNSIGNED-BYTE 32)
                                     :INITIAL-CONTENTS
                                     '(0 2567483615 279 1135876175 4025097284
                                       1055385490 3157508495 4001945925
                                       3892858518 1170333681 2708565635
                                       3149284245 3294126514 1902750226
                                       2969423074 1506763801 832198561
                                       2723510570 126397490 1651316767
                                       607304611 743479116 1380469710
                                       2528449176 2558913448 4016198380
                                       2391991617 4232560522 1430513417
                                       1770543107 129592854 4228274918
                                       3124393803 893014675 3787877720 52408920
                                       1326634014 4077811284 3465634277
                                       2576313021 2007659891 3412178659
                                       3832540581 412701741 2790901952
                                       4070123651 2527462229 1832983473
                                       783902285 3823247801 2646163591
                                       1223379753 2511064035 1355522342
                                       3448977495 1236962583 2458542830
                                       3294208110 1277437984 1678282459
                                       1218805551 3388203577 3741464440
                                       1552274510 2085334027 3103828465
                                       4225038446 2197825149 4294022970
                                       2987340744 311525419 3571646966
                                       1886077649 1142705065 2236684377
                                       3448032559 1039727825 596513071
                                       2106645848 3638340686 3888303421
                                       261488089 1544315853 1898013490
                                       2793724479 2420264053 3028032063
                                       3843941879 3867559080 3701911482
                                       2939874312 533123886 526489606 733073001
                                       257510664 342043587 634012697 2823215202
                                       3610740484 3371094648 499995425
                                       425417851 1090820823 3570101476
                                       2979353678 3345448071 1828985596
                                       3842366010 2516004287 857463341
                                       4064515769 246847034 2675131902
                                       943280025 3223053298 1951376134
                                       1543039812 2475652526 2464208026
                                       2063811190 226325753 2824979578
                                       3364973967 412619789 1911328600
                                       2624667081 1020761111 442225522
                                       2699362884 609827818 1663515247
                                       559695155 918893853 535903959 1028001667
                                       1366730093 988415210 4197256447
                                       2054839363 1586471300 3194454561
                                       2714945476 196197284 4192208784
                                       3360995109 20797215 3409895106 524349216
                                       3829647796 871708944 1307430492
                                       1207126145 4253408484 310379209
                                       3088740634 732107826 3708581092
                                       824179757 1201651689 3185160444
                                       842156503 2099975805 6821250 343000002
                                       2144368975 2893215334 2452370243
                                       3479422099 1943602624 3141261647
                                       2734482266 1063301299 1593564377
                                       2443081222 3822850397 3169719726
                                       2233523300 3379208147 1613074730
                                       1215605318 3025172594 1206599704
                                       553586972 3348967920 734737013
                                       3057672317 3937516333 3405795464
                                       3419358671 835442903 226937828 417613396
                                       1022791479 2067396984 1302349872
                                       434267843 3799920333 1731277932
                                       284678981 4113673972 1628452768
                                       1171539896 1251232555 2167123992
                                       796452868 1518898270 3198517749
                                       629816809 310030964 1531901947 737417371
                                       3807196251 2550685402 4255609955
                                       3572136821 991424322 509449925
                                       3825343148 4090534844 3584513472
                                       4026647781 3372999296 2525372914
                                       3741238608 2981727833 1951048506
                                       3705077095 2203781773 3776887589
                                       3644417491 95359731 464866948 58534225
                                       88122566 2293584906 916301731 3902897522
                                       3431884740 2941587377 4063756579
                                       3709178622 688597932 481932589
                                       1126633309 3985857445 679413768
                                       1070142118 543061986 808791236
                                       2039830772 35716989 1476418447
                                       2170812961 1660815653 3725223660
                                       3805719127 2881421358 3818417093
                                       2503558397 1024397606 212440991
                                       2920811848 511695608 564720090
                                       4211685897 1106843968 1421853779
                                       2056882074 1964738658 389711169
                                       1190414668 560604463 1492245014
                                       724346054 1987275766 565388833
                                       2112292716 1788256670 1976284940
                                       4244164515 585784683 4193700868
                                       3867469691 1568479687 3123763111
                                       3247903676 3836162629 1875997390 8415408
                                       3823824307 2326156123 1097329837
                                       3778706749 2351535852 906105146
                                       1715767684 528521854 2969570904
                                       1623754935 3432295060 3159860702
                                       4227783273 166454652 915788643 100255848
                                       2171586896 2771091284 1522952836
                                       732887591 3248305659 3026986118
                                       3296723105 738570818 482899036
                                       4028285028 1506087205 1289515114
                                       3250889217 2505735646 194727575
                                       3230679943 595442407 3556109028
                                       2409575558 2137885042 3633297197
                                       3243438936 2350926314 2090987832
                                       4027870658 1016254353 3571720492
                                       1959126861 2357873870 2669718873
                                       2996178121 3317138456 20749866
                                       2956666283 1596470323 1817029033
                                       681938592 298682585 875954972 2069899542
                                       405518367 3413410142 3121788899
                                       3431997583 3989096421 1825061051
                                       1546923907 1524350134 459827321
                                       2548900315 990898492 2011197058
                                       3851699395 3895548713 2481128650
                                       4062410507 1061232372 217324193
                                       3762548738 3422933996 90446276
                                       4254233197 2036743343 1145184667
                                       3558999115 2123118520 1501695969
                                       3137047651 4143994139 8489793 111686825
                                       1968117621 1792835698 2491341224
                                       774976618 2233766539 2080664437
                                       2073812005 2557578885 1722365465
                                       2925324631 90833848 117054443 1056507524
                                       3127557635 908629416 2255836897
                                       2749332295 3489075709 2487257989
                                       1996828752 2428519978 975048945
                                       3274889092 4245174710 2588728252
                                       193844889 3194900018 328023485
                                       3281894277 2145217882 2542442724
                                       4224461310 4156818732 2992990706
                                       823410286 1183706799 1921649014
                                       2548092412 2815283317 364224316
                                       1365109677 2211024728 3121965633
                                       1783371018 47527893 1793630823
                                       1364700574 3962237149 2242723450
                                       2448985002 3215449891 3089310817
                                       4187136782 4014929833 4125559958
                                       3924839409 2115028517 3594270035
                                       3398770673 1479688450 823422894
                                       965678753 1337039229 1619824506
                                       1700125616 2695523587 3354379222
                                       3980813276 2087286071 3938378018
                                       4232301672 3084416540 1330393263
                                       2947195061 1549862037 2718740792
                                       416231407 1469503355 690346294
                                       4233148707 2409419266 2526752687
                                       310188504 4125266254 3856109688
                                       3069993102 3787258512 2722316002
                                       717362048 762077887 4121385333 600193950
                                       3625958456 2695142582 3990313719
                                       3328066864 1998657858 1843015068
                                       3049909161 1258930959 4158354578
                                       2240752354 1020574873 2917060280
                                       3690570197 3611464391 1787833481
                                       3919660739 3773760099 923996222
                                       4138947025 1849718799 3922276570
                                       2789666136 1313916642 188811625
                                       1803803430 2413622315 2525599147
                                       2947400864 3604119829 1890442464
                                       1495351296 3036203955 441505035
                                       1443509633 880523980 226265545
                                       3700819530 174655527 796786240
                                       4134826008 2134517151 2937258738
                                       1376325881 1229635612 1070936289
                                       2067441169 495236550 1186309335
                                       3440285628 914254403 2730540679
                                       1675693640 143365130 1135381820
                                       3291564649 3872200299 3001252300
                                       4221058081 3759026339 514853354
                                       2905684740 2087414800 1190311442
                                       3673573692 4004610260 1053569834
                                       194932723 2884573157 1178223742 95252565
                                       133629858 1697928067 1569849233
                                       3977141355 4170584549 279776794
                                       2952818358 3836877447 3491798458
                                       1806978623 3797185820 930004773
                                       1963458533 1542457945 3644318546
                                       1299860087 1577728510 965888357
                                       3370616274 651068633 2569612702
                                       2343147127 3556150551 87058567
                                       4274799059 3135008738 4256870830
                                       2935207169 873950557 1760726703
                                       747499655 2404908492 954171184
                                       4016544749 2483138501 4200167118
                                       1146601767 2865082745 478396245
                                       3037567133 754050573 107062006
                                       1749575922 1825686410 1678117783
                                       3236530281 3255817937 2028460530
                                       2088423901 3661424251 3835386438
                                       179403527 3335949756 1601779398
                                       3161454468 970394559 2077409082
                                       1857070674 2655736384 168714608
                                       926790401 24037968 706977423 1098072948
                                       284120956 743022685 3992634882
                                       2822666659 3849205519 286359248
                                       987417112 1587148350 1052878212
                                       874467028 524573034 2486920706
                                       2377336433 590424946 2696243475
                                       1390656690 1854580955 2700848678
                                       3047088610 3803013926 3200230906
                                       2352253012 1555680097 3532276090
                                       98207054)))