#S(RANDOM-STATE :STATE #.(MAKE-ARRAY 627 :ELEMENT-TYPE '(UNSIGNED-BYTE 32)
                                     :INITIAL-CONTENTS
                                     '(0 2567483615 338 3019764715 4043767792
                                       1392388192 1782006814 2215881652
                                       3670783264 465252320 2996026882
                                       3559705995 2902971439 3057695029
                                       4122442023 3261536114 2791018307
                                       1892406898 783596430 1466104119
                                       4036429817 2715912831 1098596551
                                       346730478 1892465466 1492699087
                                       2202482017 2942302389 2536182054
                                       3610580628 222270743 1839301729
                                       732354477 3133707524 2024977336
                                       1563875009 1977603770 3986011231
                                       3711183166 2661599050 1349206835
                                       1382223825 1842291163 2741587120
                                       1253673050 93850076 2770060094 904113861
                                       4225222559 3484849620 283408130
                                       1458526942 3075380385 2349424932
                                       2953948970 310938447 3947656674
                                       136611458 3049376154 1826864764
                                       195851209 2424768499 575176528
                                       2736653040 1006523013 1036638319
                                       3743247481 3825884635 2418231500
                                       162259517 2253257139 3331767963
                                       2277804007 3542046580 2474742358
                                       4034750018 347035433 4054213778
                                       4276270681 1846972775 323660593
                                       1402344827 2682386124 1636847885
                                       692866071 2054609623 1510264587
                                       1647418985 3903704364 3300001472
                                       1974135321 4175400511 2413684329
                                       1184441431 3463698029 371036294
                                       2593655119 2289541658 811295267
                                       3972508201 2113251106 4191955763
                                       2296125319 400834951 3502888304
                                       3396684504 1233134795 450030338
                                       2626598719 748267482 3264737193
                                       1810414927 630421767 1564797691
                                       598603968 2275250947 1115243125
                                       3666151012 2631947099 3739682079
                                       3706385494 1479734190 2621255489
                                       88572695 3588408621 4145244369 577803031
                                       2288311504 1473142305 3499744342
                                       690315858 1764354999 381138083
                                       3112852873 1774965824 1144658122
                                       2741407224 203281962 4267337080
                                       773145852 3987681111 1127657548
                                       871644608 3272175460 3733246330
                                       1135742398 3956483278 957457627
                                       2902377088 3833752159 208066533
                                       1685413777 3863704711 936203850
                                       203806398 1291171157 90422971 1298813756
                                       3890564433 3597330704 4141961675
                                       3373882567 3379970773 3002697506
                                       2304490961 594601323 1656512060
                                       1631988567 620339815 2876442458
                                       3685964276 984487698 2278035396
                                       2992878271 2854563021 4030215510
                                       1400662869 2772370778 2625358129
                                       3340953340 2628771434 1722264416
                                       578798137 4244786014 2216555779
                                       1265452473 1538682798 710091015
                                       2848016626 825823017 2954293014
                                       1974566986 4030209192 1364697537
                                       2008685891 4154517964 1475752958
                                       1350676956 1730134214 4064905790
                                       1222286950 1859616405 374246301
                                       2507588116 2998271778 284468076
                                       3629489557 3245912225 258187802
                                       3525513340 1151116429 2521934398
                                       2854208652 1099160092 3194945866
                                       1003687332 407471818 4226254414
                                       2012886279 1720132924 3827354165
                                       2516243101 3169100224 420870871
                                       2571966150 2934949103 4290686110
                                       1653527857 3387516616 260832091
                                       904842467 2937788181 3066896459
                                       2512267358 2082702598 1480143728
                                       3920422461 580702457 190628391
                                       4229766441 93013719 3828662160
                                       3448508173 2868705599 1537634698
                                       1513224398 2182578880 3275525630
                                       1648053305 116829877 289074183
                                       1596169997 3093738055 979297300
                                       3708856509 2916160036 3388148846
                                       3570363140 818737749 3916326697
                                       2352042859 977878974 769977463
                                       3137724711 2287166885 1120802791
                                       1830492680 128674464 2186991803
                                       864538856 2274156929 1297055366
                                       4017538469 1572521409 4209344966
                                       2491806616 3154350977 2546171225
                                       731650955 2901368312 346326474
                                       3801946086 2657597002 809971450
                                       4004536115 1638361045 3130363839
                                       188528549 2029124083 3987319115
                                       1819487594 3010565253 2389585385
                                       941164916 3849183236 1267751407
                                       4268304253 1320218078 1486104784
                                       3281426258 285326453 2869957575
                                       1569053605 563038778 3939543347
                                       246459111 3012016141 4014976661
                                       3259011461 2691505148 776712864
                                       1060769309 1602317843 891179204
                                       1088709274 1993110395 1014390696
                                       1075115934 4116354706 2334894072
                                       2913286838 287349627 2420487088
                                       3257182399 2501793537 3809536640
                                       3605879771 1688562659 388058524
                                       2701470126 4031458696 3423453973
                                       4123227013 1127605788 2062924790
                                       1667721041 1725640423 410475814
                                       2116749046 4188661833 4188019916
                                       3007063821 3977250737 3233957326
                                       2424695325 2499781718 3757392348
                                       4006409314 874047583 545666038
                                       2320139844 2959418935 1900575547
                                       2836749466 2292608408 470809709
                                       3446906753 3033137546 2505485873
                                       2778468439 229297895 3703750247
                                       1554334768 1639629795 4158710487
                                       2694380206 4166505929 1079247920
                                       649010571 657161409 1580236112
                                       1947330320 3481156373 1768624437
                                       4199195521 888744476 4158567164
                                       322871786 3977501457 129237360
                                       4191604697 4163736385 1043190665
                                       2102983776 3903644051 1850260555
                                       2125074890 1247409533 905160961
                                       3320582064 540857849 1034202531
                                       1756347665 1991786355 2173894625
                                       1777592328 3072715883 1569688791
                                       1080978186 4189335785 3950590647
                                       1315981813 3107691379 3559797045
                                       238807676 2221692131 2376492883
                                       1293118054 936918688 2495008446
                                       3167514985 711790535 3078092063
                                       1466241581 3029428731 235593878
                                       3982770599 3710568857 1651320971
                                       674188243 485807994 1540727159 943804243
                                       1699121587 407268092 2511262213
                                       4181019153 1711377913 1608572707
                                       1461579309 701313932 1503272274
                                       3660386316 3871696392 2660007205
                                       1614132696 2525520155 3389083198
                                       1418121944 3097014226 2546152799
                                       3095263335 1130425057 4065875978
                                       2489403180 2178511113 911790756
                                       2345342892 2050436363 3427931571
                                       420834911 1050409956 2738856871
                                       2843432411 447465252 630623697
                                       3285362264 2902873154 3277144866
                                       4021459933 232036330 3686590862
                                       551275651 2723083898 1260623339
                                       3623574815 3223487365 614425247
                                       3163277012 2072926668 1571655669
                                       3988866908 586374295 936915881
                                       1088423508 2251993061 1182203304
                                       2926088445 3115087795 1744660177
                                       2103706792 248989464 4172826941
                                       977466399 1063966318 1308566321
                                       3325939106 3876144171 780841273
                                       1170015181 3235476157 387924306
                                       4120535460 2958937129 994468368
                                       2545813977 1036388811 981251657
                                       2876061336 4029957435 713160673
                                       2838879830 4145819103 577987971
                                       2896809882 4029161265 3303044137
                                       3204294158 2993212333 902099441
                                       2918875585 3499519193 3514843633
                                       1822924311 241870870 1925734758
                                       4119051837 1711271365 2519975357
                                       2293861994 4253903110 3857992229
                                       2030250785 3749191836 3264970269
                                       2481019526 593108191 2129502373
                                       2486612222 4259634168 1171789103
                                       3867213447 1647702240 112790219
                                       3813881818 3281651004 3202355414
                                       2914709461 3271565528 699374279
                                       1019979436 762894396 3327335227
                                       2666782592 296473416 708576337
                                       1684418417 628440929 2367861365 31888164
                                       1128442864 490660623 3166060397
                                       2881865744 3381939286 736289838
                                       631537947 3467011318 3536633309
                                       3308476262 959078921 3043611197
                                       1550236709 4842516 2262011007 3901974436
                                       2667829399 393391583 2174868602
                                       2599241827 667102349 1092380747
                                       4207548529 753458111 1731652593
                                       2735199613 2008541849 747931895
                                       1644298377 3211786888 1102694932
                                       1402129353 2207582980 313870750
                                       3371801124 4201673967 283643736
                                       3764006915 3839571351 1462592935
                                       1995750067 1463332170 960590606
                                       3874158070 2412931217 1823114215
                                       3532395886 440286003 529969105
                                       2799181263 4217949716 2030952201
                                       1709559372 1143667928 1324475090
                                       2276788092 2846069827 248069434 35941842
                                       3140429588 1153302543 2549942646
                                       2127136901 1154488243 358207396
                                       2392119364 4294492211 1592655924
                                       3773347412 1508743105 2364334309
                                       138119164 3212074315 1316047050
                                       2432977148 662522565 960657859)))