#S(RANDOM-STATE :STATE #.(MAKE-ARRAY 627 :ELEMENT-TYPE '(UNSIGNED-BYTE 32)
                                     :INITIAL-CONTENTS
                                     '(0 2567483615 492 936695038 1285691214
                                       3478037307 4212593457 4137313345
                                       1592955731 3967916726 1948417103
                                       1706078163 1998322275 4026961887
                                       20926867 2280923314 228169346 1593394385
                                       1397611120 1819851966 3978416521
                                       1011734955 1874834804 1624757002
                                       322728500 926784854 3543268106 707026525
                                       2741904784 4172232602 1496525215
                                       3161336710 2245067879 4126061660
                                       1021234645 716866446 124340869 133782237
                                       2410511959 3010696461 4067762978
                                       2632765142 3553791316 3615637072
                                       4129896717 2147732464 4099938257
                                       1271506614 448259170 1639014838
                                       3878998607 3786731469 3081941462
                                       213383673 2877154577 2074851297
                                       3816524073 289960016 438477044 882450008
                                       307710672 2117223021 1593487725
                                       3649478774 858284323 1982028137
                                       605082072 1827511350 2507124017
                                       3937569555 2158099143 466679628
                                       3501783383 1060391350 976780186
                                       432836966 1139033450 2075461543
                                       477388135 3866973726 2315400064
                                       2937435647 1561023489 295660057
                                       2224978586 268499325 1384429043
                                       2294015547 1154519935 64664913
                                       3351183375 313562868 4015054332
                                       2217547456 1428866488 3644014372
                                       2440422460 906134881 1029333047
                                       3307585068 3760388993 2004058849
                                       4108389644 255876879 2974265784
                                       1028285981 3629139916 1084325609
                                       2371944728 3664563772 1133819538
                                       3679904816 472432156 2213867255
                                       326277700 1984254718 3101012063
                                       4242916042 457308058 3834828786
                                       494251369 473439723 334028068 3480461779
                                       1936401431 1208307366 2597405933
                                       3696974843 192343938 1099214273
                                       401791417 1510766159 1415458055
                                       1787789358 2983929872 3330882974
                                       1505979479 3248185953 4262260278
                                       808884032 3534783749 2841917329
                                       1670424449 1329614087 1211252222
                                       4161268299 884372924 2279801834
                                       2347153781 2572820869 2655233665
                                       856810046 2628348287 1945776691
                                       3771495273 3090254445 440688432
                                       2803236768 3246100184 3654154441
                                       570293949 4009449774 3392462856
                                       1487711842 604731508 332334168
                                       1519723220 3614493563 3413646010
                                       537764083 4267210539 3417116158
                                       813081770 1468925052 834368856
                                       3665884546 677449706 2449306179
                                       310441154 4281464007 1436340294
                                       2227079781 2312185875 1994178259
                                       3474270468 3590910059 241674865
                                       2239768851 3385667741 1139796950
                                       390259965 1411059304 3043304553
                                       3104989094 3766914514 4290642496
                                       2482229399 3146784499 895800492
                                       3708383519 461697228 750608085
                                       1018757865 4081854477 1367261462
                                       526668615 1962305610 1018068938
                                       3412947683 1688483509 249174082
                                       3662722816 1676320217 1051907930
                                       2048299814 2928283634 640806788
                                       2649274882 3960585253 1119892348
                                       792063925 3429451267 2882337569
                                       3243077334 3965085633 3660011147
                                       4037071078 3365102174 2482134316
                                       1550787148 4288851849 1409514884
                                       3703280335 2673877664 1126058527
                                       3724970842 747200219 1724408365
                                       2445800758 3246089545 3021546709
                                       1053531954 2045423143 3294486452
                                       427036876 1987110804 168329963
                                       1797098684 815834301 2161714324
                                       3575261372 826941268 11350698 1944983990
                                       1822830736 3529147259 3013709568
                                       3934877608 342892258 4220401397
                                       1217041611 2339719399 2812408454
                                       119658761 3539797049 3324683141
                                       530026321 4013376018 1506869391
                                       688436450 762302531 1466049391 594631937
                                       623300167 1769915228 1650299191
                                       1428595889 1831311605 847579290
                                       1808555379 3786434264 3350815238
                                       673961733 4063429494 260579678
                                       2107394101 2405600452 1718624880
                                       4176255746 1813095796 2224699476
                                       74496719 962037569 4073211018 3742730436
                                       2129495485 2389410250 85060640
                                       1937324488 2219242424 2286523091
                                       2350249640 1583500248 1606087668
                                       1746206685 1861357126 2492649014
                                       2425825796 2883912801 1013734073
                                       1215809735 178608519 348289110 218269032
                                       148234852 2309910584 322386170
                                       3417241901 906709751 1917845730
                                       3066861245 59238038 1445428592
                                       4241221389 2597623593 2666558023
                                       3860339757 165165426 435778220
                                       2774071915 1872110767 76319166
                                       4225131954 3135699255 3991398748
                                       3008228467 291023571 2371815586
                                       3174478346 1397588728 2490302134
                                       3025553224 1365173456 3802549765
                                       2865859680 570997121 4229345453
                                       1712880031 139393033 2498088056
                                       143082632 857482704 2119059702
                                       2564170085 2491598696 923995796
                                       2650884712 3940311314 3189163646
                                       699630635 3670347879 2655613340
                                       198294895 3442201710 4190806864
                                       2610261136 3999119962 3000236591
                                       887292823 3172416551 2203886626
                                       468397047 3933669312 2932341495
                                       2701588057 31381534 2113853972
                                       1607175153 435771911 3278767880
                                       3567845217 1453725296 1626435118
                                       639282338 1337427862 1483205804
                                       733456144 575613582 748581460 1192521584
                                       1048102439 1104001798 1342289847
                                       2366228555 1200595474 3436488031
                                       2035305427 1032103935 2547825303
                                       1608694762 3815143571 2804956504
                                       2046104568 382477404 2116633660
                                       965464135 1000106505 2841810092
                                       4130775938 605543767 3500866472
                                       1576957528 1415522876 3409121505
                                       1873368022 2426793356 3416118783
                                       3431370675 2466784209 2359067190
                                       960487405 1509322451 1564177432
                                       1874549701 1786827305 2350451883
                                       3570748836 3906417340 1449974838
                                       3621053636 2726681421 1751580734
                                       732450053 3486597619 2586300039
                                       2872180967 429294524 1294728993
                                       1208502061 1941781668 319536580
                                       2027332543 54317492 1443864003
                                       3291827285 2166631722 1346844334
                                       376143654 1078042870 2449598373
                                       2671218105 2540702759 2131623148
                                       35186588 835267138 195336023 82565953
                                       4276251811 1959980211 1857177720
                                       3293058113 1571710427 1951761356
                                       916836164 468331492 1519781695
                                       4053956499 2162907169 3586851893
                                       1082615345 3812577562 702355717
                                       2954571265 3978647742 433830138
                                       3472799212 97902709 1493992090
                                       1938792675 510806307 3362801642
                                       287745779 4081661366 2661985645
                                       506522574 84061741 2704587607 4117544600
                                       4265633162 2167958934 2596078886
                                       2024501366 1438968326 4108435102
                                       2459603792 1119987631 633846840
                                       3086506108 601723206 2844843885
                                       2998365624 747477219 749877470
                                       3863444520 3496467422 1895236770
                                       1503224408 1044380401 2554745253
                                       2603922410 54840656 4021791492
                                       3997398657 2961800840 349874456
                                       521937313 4110192575 2796446817
                                       3876880756 759973667 2457961707
                                       428952668 434577852 3375427531 783624195
                                       1038654022 3744629283 1153233255
                                       41466968 2765990416 2442943048
                                       1452977760 1031294963 134943052
                                       3931149502 3790634074 1596086019
                                       776200863 4074870045 137608861
                                       3291226490 3510195389 1040938265
                                       545698917 531866035 2969563667
                                       2448018357 3636039710 1376713087
                                       1729586490 3685179959 1994875663
                                       165751642 2096950470 1355208736
                                       3917511314 2265217869 1593984087
                                       2377117872 4077591463 2778398606
                                       915595284 948579111 3288484467
                                       1035465944 3397407652 2239080353
                                       2437198046 3996749108 694052860
                                       3959064785 4286571789 1812276466
                                       4196462972 618350735 1136995031
                                       782491291 1663618592 4035781411
                                       560182163 3857465025 893159469
                                       1465452291 2249271516 2582171259
                                       4051677593 2802993920 2834968631
                                       329734085 2524301558 587730491
                                       3358532732 3330826673 2402398977
                                       377713798 1702264783 2585755946
                                       1248415399 864783783 2805310502
                                       2895968711 719908678 2806381010
                                       2141513557 4110849157 3630105502
                                       3256824333 2773321804 1919343482
                                       3787685946 1684613921 1258648131
                                       2993562127 2083121256 563162501
                                       258284251 523906422 3446438980
                                       2980789688 1146753940 4284184299
                                       1033794437 4283303888 1867704876
                                       1892604415 3434832335 1141428629)))