#S(RANDOM-STATE :STATE #.(MAKE-ARRAY 627 :ELEMENT-TYPE '(UNSIGNED-BYTE 32)
                                     :INITIAL-CONTENTS
                                     '(0 2567483615 278 1455075647 3388580053
                                       160474882 2290834457 1431558277
                                       1707791996 2356669323 1015691597
                                       2849300060 137540653 1660816561
                                       1581893611 3756665372 1295915950
                                       1771700041 401051681 751614560
                                       2456936389 362323070 708273606
                                       3309616614 2040150617 2518154483
                                       34775841 2451975903 2294590420 677804190
                                       1698557484 3091918159 3415981433
                                       2292344337 734041122 4201824251
                                       2733196736 3952967770 939157331
                                       930264307 2002911535 3872184629
                                       3865106305 303643694 2530063776
                                       3506381682 3782340729 3314863989
                                       1170360456 4176235614 1912500874
                                       149686784 3707233236 1940123449
                                       1141289865 3909362259 3376353178
                                       3147278673 898119405 2566930125
                                       1332758200 3493985309 1288502254
                                       845302236 441416493 332264986 504539115
                                       1816956220 2982374432 2596573531
                                       4048005548 113542841 3682281005
                                       132143417 1197850667 1473405852
                                       1694407145 739474372 4201279310
                                       1500448880 732743239 1032599481
                                       593775824 1336148399 3889496237
                                       3745376393 411331463 2363599405
                                       839704679 3284518586 762341804 356830870
                                       3799096111 2585651838 3257151437
                                       983438261 2324615066 696053013
                                       2990181758 3935535631 4055165613
                                       1896431190 3768752891 4205331071
                                       2343591264 3487955732 3595929303
                                       1797376805 368023320 4043807907
                                       1135915429 2368691685 899223210
                                       2128597552 2055363698 1830705402
                                       3749334115 2484734347 2484585444
                                       2744335894 20643647 2411725191 984470845
                                       3431852661 2746578047 1565220158
                                       3706273075 946742727 3771125340
                                       2748530527 2564284638 1604188122
                                       3884134898 3114139253 32085344
                                       1037203943 982185533 4177662477
                                       365165386 3080781705 4053478126
                                       2546749920 2582525352 3390619427
                                       4224577433 478548781 2459825648
                                       199364225 855097367 2092681484
                                       3418921072 1213926471 1030637378
                                       3070167431 2322454888 91785941 920680440
                                       616841276 4260529742 4050768138
                                       4099194789 1294156459 1778684425
                                       3928559867 2006810392 1974822566
                                       2373622099 3173484247 566795779
                                       2248759098 470488806 2434773360
                                       1384404957 2423956978 968743650 86384548
                                       780996889 1676998810 4036813327
                                       1733839467 1524000088 1415159030
                                       744711673 606788545 161005718 1950132787
                                       2533868959 1248802828 561267120
                                       2242071836 2748155180 2207541682
                                       3163698581 1026728624 4003408643
                                       1036810088 1216207735 191934398
                                       2286032587 2779518914 48148790 32736539
                                       3208637428 1246291747 1355119155
                                       1289322152 2456738984 30258145
                                       2412749627 196358266 754633981
                                       3271683507 1528756141 75885841
                                       3565347816 1173322777 1217931410
                                       3068165620 239042692 3621566154
                                       2696874025 2421756473 1769078628
                                       98709382 4245907303 2449342785
                                       2224385093 3660769215 1894654066
                                       749368427 2389885448 2389783662
                                       3148658062 2167725750 188944290
                                       4085060935 2204319932 1924501429
                                       715442956 463497851 2301076071
                                       3894653253 2482119027 2202637667
                                       282509559 2461660870 2427726927
                                       3628304507 2646355819 2219264883
                                       926712091 1032958843 2093011991
                                       1061245953 504910893 3175258177
                                       3414741182 112761713 821172350
                                       4194868943 2580695269 2156068388
                                       3188226594 111313940 2434033627
                                       3651286053 1039628702 48547120
                                       2506912687 1303683408 1233463108
                                       1365724760 2507065286 197819698
                                       1564920449 3259353379 1522222191
                                       1814051347 1601484623 1506585973
                                       776026173 171799050 1633820412 219026067
                                       4067550472 3307621543 1308796887
                                       447477707 182232447 3419522918 612978816
                                       2936630559 3181151372 3386862009
                                       1013523178 1361918820 773615278
                                       3649744233 1090172563 280831315
                                       4192978022 3404569459 1573632127
                                       3754904398 1031447264 1106732862
                                       974328277 402106821 3754705815
                                       2924345773 194848730 137074143
                                       2807439159 1711203551 3226108289
                                       3961061136 912148954 573685875
                                       1769713498 1516507066 3692068881
                                       908483193 1867065196 3141275732 85702229
                                       4085735505 2951279972 3848577295
                                       2671536029 1421998609 3468726433
                                       460845050 2109265709 523924428 884602653
                                       2605947934 3625930154 1640422966
                                       4261285305 1510439058 1678164057
                                       1562007283 1269129025 2266147231
                                       2521250181 363757913 3092239 2782838499
                                       3817991602 1138033040 3767159283
                                       452656791 562501820 1796905680
                                       3761538200 3226074943 3037323304
                                       1625464004 2200348219 3793653183
                                       2510535730 3491504658 2753156954
                                       3320365071 1057873271 2736576787
                                       3745995938 2151052941 3217007491
                                       2822631978 744818302 1721148763
                                       2172777252 950577278 2252916735
                                       832360214 479700060 2863746121
                                       3445266789 2871296232 3192244061
                                       1780687828 2553308703 1560465133
                                       2486536323 3223027804 1783427060
                                       219976497 4213494316 2618116394
                                       1651080380 2681287354 1571807545
                                       3547426395 4082089812 2677452453
                                       1353193156 2603417706 3469818833
                                       1713252821 3157958399 529364709
                                       3927058755 269730345 1491593160
                                       2787409890 1083293021 2535711821
                                       3789120398 2392759619 3463033593
                                       218850460 2833042909 3111896517
                                       3071529832 2492486354 2089380994
                                       4085367485 3205457337 4064564810
                                       3260600979 3888589994 171310095
                                       843520177 3339932716 3375315134
                                       2366447199 11602251 655973736 2415516863
                                       1485565142 378166608 749529863
                                       3144478928 2723144092 3395197972
                                       3271038564 2748888005 1808176871
                                       1672335108 3560269037 1376401523
                                       1043404841 198935433 75260728 2383810782
                                       2370535334 974601344 1611176153
                                       1244094624 3658903113 3024349363
                                       2822118570 367427219 2238136326
                                       1784035275 2238917297 3584608661
                                       2304621029 1074092164 706980631
                                       2407019406 2275054423 2273338273
                                       4181752681 811946603 1815574811
                                       4281792539 185125569 1486585389
                                       1484684947 1872613646 3631543384
                                       1685304418 3224174795 2022269808
                                       3984827828 2627971629 684423247
                                       3166592676 1301194286 1559886204
                                       3361743840 1753556588 1560498010
                                       2867644082 3804639264 1623364454
                                       480091583 755368141 1893986291
                                       2741708935 131129118 3867947905
                                       137181792 1197067992 3539635073
                                       2761801403 1108269583 2820902673
                                       3629361682 1404258763 698309465
                                       1412065782 2673485104 656807599
                                       3331485829 2341192563 1446920161
                                       293476206 4192970710 1294320026
                                       1086255722 2692263054 685748162
                                       3843587132 2787849733 4096062627
                                       1205154618 2490206385 3155727995
                                       3824883789 2270280781 801235906
                                       2068652433 1198205057 2742228700
                                       3780534184 470345718 826572145
                                       1309621454 433244923 3963177670
                                       2678453173 1169426746 2051005789
                                       497626783 3306511559 3033546231
                                       1651848529 2471160519 2553518033
                                       556571588 2180896753 1506288113
                                       1623586737 1551226652 891648824
                                       336653898 2763915415 1489562936
                                       512757204 2755846285 86871180 944953945
                                       1852867632 1198848527 2256737812
                                       3635908066 3414930705 2055259641
                                       2278958179 2035604184 512119076
                                       3476618257 3826544368 2990795121
                                       3795994280 3376503886 4168886527
                                       1413954089 999028219 649123869
                                       4236652839 1934844476 377403583
                                       744746402 1981025510 164932447 584327012
                                       4035814253 9059439 1477948290 1044915074
                                       2122288008 3303950109 1255410357
                                       157658627 1254795605 942960108
                                       2830956407 1411012368 1902414155
                                       1864075766 2269437264 908488616
                                       2392610244 661579073 3496260187
                                       1446381657 3668801830 4055648479
                                       4128199463 3917612805 4142121497
                                       2517439895 452724307 1290750099
                                       3239457505 148060084 1494768633
                                       1460154749 2047582551 3058004915
                                       3005359568 1627400795 2682932309
                                       2733098456 622371888 2967884745
                                       2833768175 1595908762 2144881101
                                       176770196 2456059901 3281931676
                                       3561734549)))