#S(RANDOM-STATE :STATE #.(MAKE-ARRAY 627 :ELEMENT-TYPE '(UNSIGNED-BYTE 32)
                                     :INITIAL-CONTENTS
                                     '(0 2567483615 368 2084965429 3843954740
                                       4166886876 3543071135 1061037208
                                       568922846 1260270486 264139727
                                       4192514728 710845623 1745272861
                                       801225745 2891126508 2153094133
                                       3170518799 1411913975 1750894336
                                       3505637813 2145111190 1182696372
                                       2522086827 1112399299 601730129
                                       1829007226 4266906717 41699995
                                       1949655203 1040909621 1135166338
                                       928535096 1838583394 1884446500
                                       2161777469 3500601988 2883799700
                                       4002475134 2568019276 986226698
                                       3189480960 4225056348 2001776519
                                       2741453353 3731048475 1692592364
                                       1705116472 3272001512 142236384
                                       1579968566 4153142753 1322604519
                                       2123734246 992745262 658119484 136971415
                                       3051967304 3097576800 603377799
                                       2138768691 3582229161 207344027
                                       3433498383 466697966 2603805397
                                       834644375 1938839370 4119407491
                                       2190600736 3968062434 2664059103
                                       2952926609 3514441419 1619340008
                                       2448668040 1606979286 3551929753
                                       596257529 234282642 189434017 2396704620
                                       1154414550 3543607664 552529546
                                       2743866142 1535932991 2318056697
                                       2610292766 2012164462 1835492932
                                       2862351483 2468494673 4255056589
                                       2217278461 2668120925 90061048
                                       3243377423 2595733192 4194934405
                                       2304012754 270608979 2071048088
                                       1307335872 3658839253 1751617488
                                       2987200456 3100184942 1532312075
                                       857084550 964187350 2231437922
                                       2519307158 3540941619 3559022256
                                       1098509939 3947212123 3141687884
                                       3380016622 1679361257 3430530025
                                       191716345 2222729534 3221320526
                                       3681254679 2363036946 90194518 928251110
                                       1558028793 3412947820 3195655045
                                       2175888665 1886400057 3058778595
                                       2708647707 4142317944 3363888854
                                       2624147776 1018721519 647948503
                                       4001225409 3928945815 3884937752
                                       392910384 2022150509 4277953993
                                       2179925761 23485497 3106363236
                                       4064972203 1586302651 1236387363
                                       2223838523 1176695458 2787481670
                                       2381270234 3156021328 3556884287
                                       1076811335 4122623838 891320524
                                       1741549239 659543832 2913734248
                                       235440751 460368033 1891222964
                                       2186226061 527110775 2218714875
                                       2691128242 3943636132 2971768332
                                       3299949665 2087614633 2144377091
                                       2205311046 1800372315 816008094
                                       3429500235 3709504033 412107814
                                       2147332259 123819129 3197226438
                                       1531216646 3988516523 647682034
                                       3785791513 2902000651 968757871
                                       3381966980 1178480425 390616499
                                       4084797582 4032549419 728250109
                                       3800991316 6018369 4139105928 138447265
                                       2615421441 1660370944 313915796
                                       3815457193 4000109633 1416012247
                                       1615366444 839007823 1795030258
                                       1467117819 3792690729 3762203254
                                       4161706423 538813892 4258438279
                                       1189957090 2416273372 2274714519
                                       407768380 2348436148 701094336
                                       3636357885 1959744796 1805776679
                                       1810206793 1540390699 2872153749
                                       794841371 810158918 2074865560
                                       2730003630 2250833259 236070285
                                       3366893538 3209085516 3383636636
                                       913664955 1180506648 1845818806
                                       4111668048 4195569845 3063524294
                                       3509099102 1722267237 4278137779
                                       2796665113 2601858557 1623391562
                                       498100328 1974912221 1987014857
                                       3366044123 732108317 2846728023
                                       4161985957 1405754941 229174022
                                       3034374498 1136720015 3387871127
                                       322271288 3348732591 2164281302
                                       701581909 2731234580 2796716894
                                       555360359 695032979 595137477 3242220122
                                       3452035788 654067982 1755660807
                                       3478944879 2693087858 3896202518
                                       1680038766 51984614 1863274798
                                       2938398924 176107095 14390646 1714912384
                                       734201440 3214530327 2598209897 21305661
                                       224984856 3763138570 943009006 59486610
                                       127628330 1271373026 600154563
                                       1207389644 1332577249 360893132
                                       1250572417 286195591 1145767394
                                       1041725794 2543191244 3386771506
                                       1687842442 1308754172 2012424819
                                       1698780410 2516483917 408251296
                                       3390913336 2626121481 2172848550
                                       2960783943 583389295 264721074
                                       3126891446 1253110697 1477359962
                                       397593711 1515216182 3334265909
                                       3326696772 594539643 1779770930
                                       3330869426 3640633791 2017075571
                                       1569411008 2712170172 2452503292
                                       4290116384 155987691 3994185505
                                       182187399 2477228984 3405439183
                                       2481413024 940812260 1921729027
                                       2646833671 3031471529 679461810
                                       3111324433 2564648259 2183530983
                                       3271273952 787154437 1039773646
                                       2003894866 597723617 2423846400
                                       2403832086 3694813334 579881636
                                       3620442592 2702579226 2813352704
                                       2265901515 1703465410 3616430464
                                       1206273484 2532270084 1882247527
                                       769810942 4268837288 718951234
                                       1456316507 2348721457 478473683
                                       2444044761 1625445307 3927608729
                                       2766576446 2281441346 618330430
                                       2647119420 619128567 2026632507
                                       2244446390 1416189875 87810370
                                       1429720434 2007189136 463555013
                                       2810696668 2791505133 3467030535
                                       1400410404 2282248762 1816957414
                                       3171887952 319858424 529101913
                                       2189851735 2002620529 3128253857
                                       1277428701 2310852321 1884461424
                                       895017240 2228652888 1889351935
                                       3007674280 933215694 2956083836
                                       2342665461 2576886709 1565251175
                                       1313098502 1311655396 1771887206
                                       91636409 3911227862 4082150245 991760368
                                       3266139463 285356435 1053606359
                                       1477411258 3859817591 3230873652
                                       1245754513 670448923 4241127512 51904126
                                       426772765 87599190 1096760503 2244281315
                                       1396102241 4098330144 650096099
                                       1607965525 3797527390 2373892113
                                       3285695007 1390051935 1000174703
                                       2591183902 3278006529 2189401193
                                       2530749572 1337932319 480802251
                                       4098173803 3604068458 2736816781
                                       1057158561 2892648011 2502143073
                                       1903038573 3740853516 1418959854
                                       840357675 366148344 2626936947 716276001
                                       3275457514 2987950795 1018808737
                                       410265657 2138717358 1256072003
                                       3131196193 1333872751 2596803581
                                       3761689637 231679682 223687453
                                       1177141492 1356626721 3788187449
                                       1609475196 1421635921 1794146433
                                       2890164190 825973231 1613285767
                                       891703897 2944498844 3592288728
                                       606393935 273986204 3830604290
                                       2771744128 1914706249 2949703831
                                       1782543058 1679517260 2919691769
                                       3053704929 2818386280 1223827110
                                       426419326 512142703 1542242727
                                       2535187102 3548021682 91873273 525063373
                                       248721388 3729680550 875322547
                                       3979137883 3919247204 2489769125
                                       2486343791 2155294282 2285586472
                                       599912549 566613140 2376212689
                                       2187401323 1781626272 3715694260
                                       3789755348 1488256258 3915987225
                                       2451992506 3268857055 802250615
                                       3712943582 2897704023 3195403675
                                       2262130523 99102634 358388455 2616187810
                                       3737072845 2985183492 808827988
                                       731444367 4149773287 3092670378
                                       2486916671 276558028 2239436080
                                       3789656316 1575169724 2902995345
                                       54684153 258651922 1319787513 222525135
                                       3543721305 705903204 618732711
                                       3365823590 693277892 2921844469
                                       431705299 612708346 793833882 2021552307
                                       700173251 2882693614 1232075853
                                       2661159516 2731438157 2932061367
                                       631138547 978308478 1864425157
                                       3073800414 938007279 4025555985
                                       4216115390 2176991215 1556295173
                                       3203162013 3025769774 3682418916
                                       3086319399 4274394696 2927402401
                                       1949174529 1879763545 4033541410
                                       1600554921 2591160698 2967015226
                                       3517501602 185739803 75841083 903905212
                                       888357754 961790728 2741330208
                                       2682351425 4131638341 1552780084
                                       3406121591 2828801847 409849161
                                       2190789942 262715084 3679674688
                                       727302976 1805412976 81394921 502104629
                                       1056340950 150882406 3823716378
                                       3908118325 717263685 601744870
                                       1097344965 3721695532 527311506
                                       682961267 3368940326 2589906548
                                       571368089 2223787495 459907959
                                       3164994043 1037500270 266358090
                                       1408742080 1608661137 3870664676
                                       3638385600 3663234250 2421153713
                                       2541301685)))