#S(RANDOM-STATE :STATE #.(MAKE-ARRAY 627 :ELEMENT-TYPE '(UNSIGNED-BYTE 32)
                                     :INITIAL-CONTENTS
                                     '(0 2567483615 292 3341807834 339250470
                                       537201705 2177990656 2789415478
                                       1358805864 4147277767 1236844696
                                       1181637665 2528429133 958466752
                                       4017124333 2517494546 522757797
                                       1173916348 2574702763 345514583
                                       2712928310 8835434 4027643956 2404662865
                                       3515053978 1793987131 2958449592
                                       2389347166 1593223356 2658138254
                                       2810432280 1381449866 349335106
                                       852907034 2810567007 272722030 216672801
                                       553678784 1853297026 3126517408
                                       335351226 1269286506 2393126402
                                       789162645 1605915426 1912966115
                                       898923883 1076401110 603492476 889012814
                                       3431661135 3168679855 1086567214
                                       3918835701 120644351 1995841014
                                       3282846177 3078358436 4053787750
                                       3169867691 260053783 674270148
                                       1138437114 2565918880 4067824469
                                       2029830331 2461168887 1177605309
                                       240328276 2629609856 1624806386
                                       3941571280 1772119554 3796824405
                                       3647429150 3763282250 805202920
                                       2612827947 1041870491 388157552
                                       2928485181 2745113364 4236791176
                                       904965299 842518565 147158660 2220892502
                                       2801044195 2411794030 3277863846
                                       954064574 1838356124 2337521500
                                       1943676530 2600300247 3951350789
                                       94506965 3017191990 3873034925
                                       3416293948 1545606710 2215997313
                                       2707609884 994655937 2275644084
                                       1936483207 2878516247 2854483786
                                       2091434403 1848683639 864383089
                                       2155514820 4224664359 2035318914
                                       249042573 3391323733 39297713 958639833
                                       310459636 621812987 2783354916 330153106
                                       1405120526 3403875549 2626547021
                                       616004677 951816500 2250251333
                                       3045440849 1173481274 3747457608
                                       2543009023 3106166330 2011981424
                                       1797591476 389715161 2421417604
                                       563103705 3472827509 38574732 4283785995
                                       776331138 2153731939 1290851286
                                       225310842 2679519389 1103141498
                                       2330004951 960111403 67256663 4161657049
                                       585884824 2401079230 1073589917
                                       3201399127 2534025429 3748268966
                                       3485286919 841668392 3448236340
                                       3128589368 922510581 3967678634
                                       2238775832 1028789417 405208868
                                       2570737906 2020174971 3549089744
                                       348199874 4171780310 813317661
                                       3121552412 458374579 2217199459
                                       905355108 3234114140 1815630767 36614496
                                       4238121097 2639878340 1923301231
                                       4170422270 148801468 810873982
                                       3941859785 12108790 3834120198
                                       2713627011 3289940600 1418586064 3463819
                                       3713394935 3572956194 1992947963
                                       438064810 631737248 1464059462 242200150
                                       732613294 1076485007 29755652 3876652084
                                       1746078251 535734794 1300551656
                                       3534826357 936941074 1059915377
                                       4289010057 1784086341 547303234
                                       3076260119 846109351 3288521250
                                       1221029323 818357079 3740287659
                                       559918412 840600468 1709065658
                                       3163116240 1729687936 922868630
                                       278295672 2417679052 357819605
                                       3119597701 3015806224 1792013937
                                       3143840898 3536072929 2685570134
                                       1953382936 3567484229 2753473334
                                       2791257450 2946393329 390291530
                                       1230173374 3924167504 3021705905
                                       2566584658 3478953213 396315652
                                       1226080657 1190779379 2984278213
                                       3162443911 2247062725 1873257169
                                       4082489216 875826462 4251297614
                                       3842972484 2905951931 1848763462
                                       1276768539 2624450719 226307720
                                       1761213250 1320678624 166756489
                                       2719656972 1902232970 2363770773
                                       3549563722 1262874155 2667768153
                                       2029478030 4178029792 2131067510
                                       2651743685 643084359 1113983434
                                       2453985844 3872343587 2979870937
                                       3690893441 3603893878 3276763563
                                       3047412171 2511100441 3280867484
                                       962250110 1504893599 2080694161
                                       2295737203 254154373 1068737937
                                       4109812299 3943426269 749195100
                                       164384539 1047939884 1673534250
                                       312338232 3584782267 3326274165
                                       3572822785 3516889098 3477249030
                                       540389516 2511431767 2397795825
                                       621913259 890894708 1594636838
                                       1685120228 2693122159 1250144481
                                       3861585817 2222578884 1346937887
                                       3628587393 101905047 556857036
                                       3632949342 390541121 4231914805
                                       2168500197 3341035916 4001322183
                                       2327756615 2112122127 1764165257
                                       4077385428 4095818261 3062878779
                                       2593739140 3600387665 902023606 75559822
                                       2136732974 1048697081 1919517317
                                       1925086378 3743209305 3954545188
                                       2522106166 3812264786 62063024
                                       4234670312 253385900 4180525307
                                       3888877650 4121848405 3979977256
                                       697060979 3236110708 822595480
                                       1777218918 3298633957 329651743
                                       1888618895 619863396 2646832444
                                       1950384782 3825910638 712717196
                                       2244621336 3998365536 1094218275
                                       2642036261 223710464 2783214323
                                       836228021 4224792548 3391953747
                                       1429336769 1813609387 1796381632
                                       3388063795 1277508473 2430773220
                                       2267591563 850340440 3433701536
                                       366584126 407866290 1395903828
                                       1068490816 1583271663 1735529863
                                       2165982147 3570422096 1482765326
                                       450468611 460695155 777380473 1476383815
                                       633624571 70773642 762651442 984822329
                                       736229834 807885112 4143415554
                                       3697866527 362647645 3639174162
                                       281222791 2273603362 1592337451
                                       1396178932 1974870466 3719354493
                                       259706927 2898963047 2251105165
                                       202139556 788478583 3563579259
                                       1113798741 3459430735 4124959615
                                       4118665470 19539627 684457539 785356835
                                       206434284 165355028 3718574846
                                       2786663034 917428754 3679795567
                                       1685883886 2132467457 2743798890
                                       3290272309 3517219433 1266532349
                                       1586841062 933264619 299393641
                                       2097658198 621785914 3496144169
                                       1667215999 184758429 3970156487
                                       2520559951 326746963 3269245312
                                       1681265437 249424710 800141047
                                       3801307448 2736794420 1374516930
                                       3569757386 3293874860 3715314311
                                       3212298298 3537892818 618441700
                                       1514064128 2445505842 2762314787
                                       3984532519 813548708 1468731878
                                       1512598027 3075466278 4261126627
                                       2746852445 4127413918 2117897961
                                       906480798 2346964268 753798433 524630039
                                       1101549223 846505471 3567364262
                                       2760477005 352063627 724807195
                                       2572701043 3863747087 852954090
                                       3673885624 2124956747 290534069
                                       1427340867 2076235825 3129865822
                                       145960832 3246796357 1639693085
                                       4012530796 2218931861 182504947
                                       4179470059 1494725910 2499674143
                                       2818171539 2373973845 1547179185
                                       849412355 3644685362 1722193522
                                       3404704750 1440755447 175386928
                                       3378064330 958769792 2981163352
                                       499136535 2137558285 1569370368
                                       3959540252 1476720813 2881984724
                                       3741970955 184447394 3037373206
                                       1920746668 661528836 3780355334 22663278
                                       1970918489 912878315 1083844412
                                       1163048518 4234640441 1737055456
                                       663611506 1020563669 732133286 392375549
                                       2260975866 1060072623 41926368
                                       2309192110 1723542084 3370003082
                                       368251714 3937000932 328001575 925812320
                                       550992936 2640128864 3150029853
                                       4091231154 1644792986 3673151422
                                       2126748258 3460867707 4174660727
                                       3423745601 1878537937 3003129361
                                       3415880512 2869875191 1585152166
                                       3862195221 1014158239 799203408
                                       285305895 2983785938 282517890
                                       3721151542 4015627453 3641726126
                                       520604795 9099084 1522657182 3261399303
                                       1690733109 4055871059 501189107
                                       3708970638 4148936053 4164126567
                                       3421758349 1409822354 3800210509
                                       1231101395 2413857284 499638858
                                       2193262063 2866247199 467301227
                                       3364925399 3772436074 3543378558
                                       2290388958 2671119891 1873601407
                                       1511108949 1243984609 324906949
                                       653790017 3032991278 1312295041
                                       1622990327 1128740085 2094011417
                                       2383587221 1575886776 4069596442
                                       3186619645 3770515747 2985839679
                                       2607549853 1141812177 3298042222
                                       4249007337 150934107 3615773113
                                       918406782 2855044639 1517258557
                                       3253036116 2683745100 3013911430
                                       3382393047 1646929125 3464428056
                                       3229451720 1013637907 55928167
                                       4289627080 489043770 928105077
                                       906651696)))