#S(RANDOM-STATE :STATE #.(MAKE-ARRAY 627 :ELEMENT-TYPE '(UNSIGNED-BYTE 32)
                                     :INITIAL-CONTENTS
                                     '(0 2567483615 463 904609678 789518890
                                       2638225544 882740260 3771058055
                                       3478256456 3941953561 1378637390
                                       2443479865 1436845243 3428525913
                                       599056903 1980299598 3719695943
                                       890279639 2037801596 3350285939
                                       2718868916 660495174 880781447
                                       2908543710 3768394484 1020957197
                                       2114398203 574053442 2518866284
                                       2368454369 2311552393 2913303031
                                       2606640466 930136630 4161576991
                                       206454254 1535369784 3540444896
                                       393272508 1721255006 423683686
                                       4080644271 631779459 190821455 78114015
                                       2175595457 3043771504 2359439702
                                       3800618244 3334777810 3390594543
                                       136957297 2023002575 474431138
                                       3101361106 471521557 3075710550
                                       3747216649 1627328765 494141144
                                       3190101245 2003592021 2125178 1275511140
                                       1042978728 1535400476 1504173941
                                       2666783095 2763367682 932597846
                                       704198203 4195954266 2606405642
                                       1748904269 3905421840 4104613744
                                       3499415722 344530841 3106434689
                                       4285860737 295703191 158615400
                                       3783791203 38799468 1659131801 148649066
                                       1528664594 3135944055 2041624744
                                       4244669925 3552955629 321611114
                                       3234290242 2467350072 3981892041
                                       781109843 3136289825 3109328909
                                       295202452 2031447556 104003003
                                       3984832861 3510247078 1328374818
                                       417121614 674152800 1466832501
                                       4024757203 2135731519 1147110425
                                       2152885653 4214757015 4116817803
                                       3700799531 2906999453 112304676 98336873
                                       964151536 804042466 3829745534 201188564
                                       1877626433 1865717187 2044311414
                                       2112558044 3812654997 185010323
                                       4151475773 511160876 2667072459
                                       1475877484 3449166782 1846457679
                                       645976451 2855362944 4079908144
                                       2816329830 3296363423 63366337 866288181
                                       1423074801 1592980312 999045580
                                       1063959971 2095997133 3877477519
                                       1006913149 137590609 3867738740
                                       2835037101 271658280 3140099428
                                       2651315024 935492225 3203732145
                                       3285644965 2309738911 565731537
                                       754825327 1633397866 1507489444
                                       919565535 833754341 4041716180
                                       1093933685 1241350247 1206043579
                                       2006650223 966033474 2341452988
                                       201724888 3492414330 1212522602
                                       1564752299 3301221989 3904460768
                                       628236129 4012824164 3471985673
                                       836758329 1334971993 3093806797
                                       3181886936 3679493870 97106024
                                       3527111801 1461052159 2587752112
                                       2423273713 3265295764 2945619202
                                       3590415809 636363092 4007204221
                                       218126213 3271227696 1033763267
                                       3909615873 3609293451 4095994863
                                       3764243170 3139430601 2952317927
                                       2274959757 3356508097 1427302290
                                       1488348723 1119949369 853818674
                                       4068161293 2738175299 2353879566
                                       3387432865 182837303 2596008159
                                       4279829983 690538196 3285247354
                                       1469885288 855884128 3613412792
                                       1918488838 638812264 1113188925
                                       3867981080 1599468271 4190944980
                                       1283122046 4232594846 3784252907
                                       933642300 2809102679 2565351565
                                       985439394 2113269943 61987609 3912778700
                                       4252550635 418295167 2020323687
                                       971068803 1907646484 2721115424
                                       269375720 2104497710 2236138480
                                       3658341766 46810224 1616787312
                                       2139337178 1173414375 129467623
                                       1059298616 1349889338 533138579
                                       1694415753 2379630283 3928850326
                                       2509885446 4022411363 1222196097
                                       1873786573 1595350946 2127602712
                                       1836420569 3763883217 3992337415
                                       243919036 3977312140 2805813107
                                       1718751516 2624438574 3146129642
                                       444894741 347239643 2207773773
                                       3061308741 3421107814 2193996738
                                       2497777316 1199149798 1086794424
                                       2203969456 1771735814 503833190
                                       347792549 1435226599 2043139373
                                       3526969604 3665636162 1869554340
                                       2591231197 513309211 1015848378
                                       4122738665 3116288433 43122541
                                       2832708640 657836050 1245504876
                                       2885019426 324593698 1580011648
                                       1148948218 1236923290 1016963525
                                       1780053598 829268418 3390938825
                                       3948070022 1866287834 397134870
                                       1739704410 3712062837 2940438857
                                       1478636466 4187082042 2738325545
                                       3567407417 2812049456 2167323264
                                       388983620 1269278770 3263649474
                                       3847576662 784993177 1618824870
                                       3240425909 3052983952 1448797877
                                       1735599679 3146763177 50588180
                                       1010015315 338398582 3504496900
                                       2220705653 2415977951 1622879527
                                       975829962 3871056616 1126862315
                                       213532370 4009514143 916117773
                                       1946018526 630976820 870688676
                                       2362849463 2976518575 4096839596
                                       3476497686 4264153412 404346696
                                       2431082495 3307388246 4136757940
                                       3292430110 4168939390 2159504764
                                       1723472174 2477534005 2192991806
                                       3842231148 2260826324 622110503
                                       1212141552 1529363706 290871852
                                       946787222 443034782 1188788492
                                       1396233094 2488003227 774664027
                                       3550121874 4246648174 979717414
                                       626178242 3729205243 504782827
                                       1696441262 2014284673 2566642212
                                       15533883 1918844544 2677733316
                                       1625600809 3081149334 2686076546
                                       3549746702 2060315791 2261654108
                                       1093867990 750613496 942266817
                                       1322416422 1776984450 744183620 56561279
                                       1575733013 3402224787 2561076660
                                       1240913944 132147248 53259116 799605767
                                       344470619 3199145424 292332181
                                       3433605550 1086007625 1836738659
                                       12050581 2420605575 3297781697
                                       1011089424 2645982878 2293227125
                                       399674955 3427742178 1338207604
                                       2044128970 2095471273 96659890
                                       1064109057 386324966 3786010170
                                       952651717 2873881052 2206645784
                                       3999305431 2869646271 1393125544
                                       59626358 2886189159 2468308199 314194294
                                       3794861259 2844302644 3046637296
                                       2054872107 2670534740 2808986216
                                       1314552005 4052815385 3534240907
                                       692286716 3624912885 3941547608
                                       2344079381 1199743825 230183669
                                       2246841775 2085517260 708652439
                                       2206303205 3674785502 3481092055
                                       887072723 3447029066 3366461131
                                       761900962 4137872967 4026384890
                                       4190063632 2636795081 1445252896
                                       1066072591 2756631374 2324640446
                                       3610253069 451352636 2896735910
                                       4165438730 2062367387 4233430026
                                       4238263275 3246524703 3301917284
                                       101503642 2159905687 4287167114
                                       1398200661 108972318 1515222967
                                       1740977941 3325370739 2843319703
                                       1539333563 3345180540 1669883914
                                       105734674 2718146088 2814088265
                                       1205594600 1027240312 1868977152
                                       1470934576 1525980937 1550019391
                                       1481344053 1974008864 2574432979
                                       1514989807 699656830 1057696363
                                       3264788760 4289075602 2125181400
                                       1749297794 4042588736 3420877783
                                       4222114570 1431122036 2628900996 5575507
                                       1897654244 2620498134 1494011379
                                       311370431 2677714234 2723353505
                                       1947334885 3528465504 337112413
                                       2056314122 1278376678 294705330
                                       1766496351 2591433291 1753563430
                                       3578785686 2595144630 3800710151
                                       1860281339 797523887 1054782007
                                       1889715772 3690399923 2178740959
                                       3519192823 17316438 2714296005 342525073
                                       1618793201 4069267005 1794327595
                                       3445140177 1609001208 3752680179
                                       3188739054 3214712106 1695150305
                                       1416759983 397670712 3191456489
                                       1858296635 3831155175 2375994706
                                       368109034 1026543033 3404857410
                                       1443920467 4286395325 3059082560
                                       1942592697 2650015661 3451935029
                                       1261550345 1861312361 1997283534
                                       117200391 4246248958 2149698332
                                       3187848668 2992740648 2901346868
                                       1837843047 204202337 2205013015
                                       1131246932 3599290416 464450087
                                       2750898030 3845453354 8181992 1577293831
                                       682306263 3013243473 3476282499
                                       3958762333 2569131271 484361473
                                       1430876376 1449190617 1591181365
                                       2125966916 3019148943 2505289489
                                       4050508420 1773498559 2169545255
                                       3817268385 461058113 1972673073
                                       1585190815 2904396477 1055109307
                                       2656680904 2988642758 327634739 32538076
                                       2156426178 2078126737 2501205277
                                       675899292 719452466 294546702 2569162600
                                       950167587 3842330571 516738644
                                       4127421183 3810184491 1716273896
                                       1504350648)))