#S(RANDOM-STATE :STATE #.(MAKE-ARRAY 627 :ELEMENT-TYPE '(UNSIGNED-BYTE 32)
                                     :INITIAL-CONTENTS
                                     '(0 2567483615 487 2152671485 3657681252
                                       695744905 739402798 2380108660 303426419
                                       2621497137 3833801697 2800677026
                                       805572935 942692394 3505809707
                                       1869152914 3887228474 4281643656
                                       3892794018 4009116258 2937362563
                                       2348532803 1020562580 1572946873
                                       1876689886 2850448954 3585869532
                                       4188644948 348009723 3702480900
                                       3102816142 571739205 3230547921
                                       2701185326 1350889092 1766003456
                                       1213391684 3335587368 489279540
                                       3253906021 1769935279 866261796
                                       4185560341 2038756682 2869163035
                                       2880033191 2681439485 679642873
                                       4011030434 3476339405 2185107757
                                       797184144 3112141306 1818588980
                                       4186921646 2148141104 3101324155
                                       3590970654 2986061346 1919066715
                                       3839290592 1603920556 907658114
                                       1200403133 2420989750 2801287811
                                       2287767829 2131559495 3652391974
                                       3597300948 3850185289 2772083008
                                       3223264375 1910466629 1892670822
                                       1076409576 3043239665 1887438870
                                       4274784793 1810564697 2744876392
                                       3459972039 1099466447 701205623
                                       3416713558 2669043049 302244929
                                       2037442385 284465487 3492071715
                                       2982266045 3178489425 1040321523
                                       3379353373 3749037888 263029195
                                       568832312 2190876333 4104785902
                                       2024156874 4193063673 3276791680
                                       3289485516 3230706500 2226886372
                                       1522210374 2767615309 1172595120
                                       3453337299 2771597222 930115461
                                       4086809191 1264877312 724270556
                                       1122850897 1600275180 2933305406
                                       4277635745 3237166472 1414750308
                                       4002016931 1120985077 1092471788
                                       2707241824 1837099677 790744880
                                       946967818 2679079179 171609895
                                       3525060032 3520571109 4068075118
                                       189171723 4030370767 767248077
                                       3772832765 1288347467 2451598446
                                       1339081617 3914462743 2209500992
                                       2543073731 831687414 776450057
                                       1021421141 3562856989 841061391
                                       1798955140 1743153401 708610082
                                       300065846 3655840260 1678845649
                                       723340512 1785673472 2460044765
                                       446949042 523771491 3224583622
                                       3412338557 4281903276 686740009
                                       4167660712 2237491584 1323853462
                                       389319816 1399355164 1926347178
                                       2215775735 2649599440 2063919585
                                       2678997259 679802470 4172373131
                                       4140288606 1268453046 1536573475
                                       1542650760 3194636466 3265928564
                                       672645589 394867453 667750432 587274104
                                       3714848881 2850611847 4176062370
                                       1452478205 759968055 932009888
                                       1887202498 4082463478 2483232529
                                       2510808772 3131025518 46957399
                                       2904713007 772380987 3021688934
                                       3760475611 2738127485 4235542338
                                       306689501 2221777926 449073794
                                       1503932609 529428536 2933116803
                                       894564765 337999187 2953325422 31513654
                                       135597576 1037009513 338770648
                                       4021125891 284986048 778149303
                                       1863724660 3233272886 1609629160
                                       1291965088 4026648224 4215047571
                                       2822887825 2124511658 625233071
                                       2771586177 1032680956 2649932803
                                       12544192 3079176471 705274562 1381986586
                                       3044009266 936697206 2803361566
                                       294595432 1696895191 3532687139
                                       2312867405 2504188722 3778778586
                                       1667387725 3732806417 1259129405
                                       1636393010 4138315757 3638791106
                                       339624180 971350319 956254047 3366157393
                                       341797528 3701877359 2134169598
                                       2094287065 2060863983 2813560608
                                       1051832779 208705075 459775203
                                       2233251180 3945486948 3516161986
                                       2637053701 1956701299 1389451861
                                       3025364979 4283548903 3057630507
                                       1457883813 121690948 1531758701 90330092
                                       2653296644 3869943112 3834177294
                                       155735183 1970226416 3290260918
                                       3113797785 956755278 925031425
                                       3084539070 225598523 2080597392
                                       1717833210 1648462774 3637612329
                                       1658061747 1517567729 536565579
                                       1192450723 3158995736 934689467
                                       1877384428 1083711795 1698551519
                                       3187499880 3094376695 2700075766
                                       1847213631 409116417 1077949158
                                       4156741920 1592561585 2426030168
                                       2885597320 939931193 3626055634
                                       3747946443 2660765870 464467206
                                       195746136 2194976407 2723866853
                                       2617779159 3341827639 554442726
                                       524717743 1477070837 250270592
                                       2521272358 207764656 1478771854
                                       582783345 3594821701 816910804
                                       4013200817 3282761239 3235590667
                                       1743479563 1905383271 2333965257
                                       3249519527 3655657848 885367573
                                       4245270015 3047110032 1874935042
                                       966861212 176779191 925479082 3500367090
                                       4103454602 3475802363 1266384346
                                       2812863659 3911041782 60928496
                                       1724410819 3726387640 750634474
                                       2943401480 1669108041 371190675
                                       3170397954 4279440970 1914109867
                                       3195795681 889831562 3853233997
                                       2534980983 3671694959 147469363
                                       1891203872 3358140769 433865066
                                       176114445 1087436543 229069393 263641535
                                       4134259098 3845643385 3701172743
                                       3028058932 1199247075 2227866487
                                       1548948152 883664917 1984647584
                                       168626767 2832913470 2376396649
                                       4238870418 2120369683 2190127137
                                       1658903652 4052781236 948831268
                                       4005389921 1868755028 1856938519
                                       40160405 961188550 2939897786 3435986003
                                       3846360472 2713652005 184462835
                                       492677872 1790615130 2543091172
                                       692164051 199140373 2445090195
                                       3497272102 1659040176 1467486153
                                       135380309 869988453 2710612531
                                       2709102943 1997463101 2246429206
                                       246628915 113473557 2927348392
                                       1340287132 3084690219 1134901879
                                       4081853978 1315888196 4161232672
                                       1069399087 3720535525 3242107741
                                       4194248196 1457953767 3141110231
                                       2134684625 4079715385 1322673994
                                       1009253559 2006737188 1537801515
                                       925268446 1784625111 1035084840
                                       3059596177 3169398248 1567348333
                                       2640977953 980071327 3957518137
                                       2036736093 253821577 108953049 757552577
                                       2673179432 1557080642 917419841
                                       2843428693 1134042852 2991036196
                                       1428235306 2811154036 1057904098
                                       1825830166 872470217 2138643704
                                       2861421696 2061231659 257017176
                                       2234234365 1623434784 2036963045
                                       1596670091 1277798662 1789119992
                                       1187420557 2551868499 3061021397
                                       2089259066 3993579610 2785759933
                                       1230931352 714438775 723403038
                                       2877024952 4164933646 2257363573
                                       2760194102 2759828902 4163951605
                                       2119376741 134279515 1818581560
                                       1251316428 2513251356 2333373296
                                       1541808729 87049071 4015868653
                                       1308275562 422730154 1272945071
                                       1942980516 213944107 328510388
                                       2200227893 762651960 4137692673
                                       997586915 3957013018 1095721736
                                       2842449602 1299786030 1959954304
                                       126181605 2658771965 4026729630
                                       1461115730 951568246 3160565845
                                       2843568713 1362213655 2370742590
                                       796834378 3156850541 3985695439
                                       2261824032 3057052315 3903106826
                                       1874718876 2446542562 3517774014
                                       287368326 2131266683 3212930989
                                       614976054 3041793288 946424159
                                       2751061950 4002864503 3009421411
                                       393826197 3926295045 4294953685
                                       582834974 3014062405 2973221199
                                       461963511 2958977991 504796842
                                       4122549895 470162800 534869485
                                       2876756893 1493520725 3954224692
                                       3554347943 3453685642 217055405
                                       1871531204 2590442509 2871693690
                                       3436753857 757193026 1784082099
                                       1619473801 3199022847 603107751
                                       1614619361 2836218594 18252392 882195362
                                       1843214989 3760775365 3989980240
                                       1746184347 3557075250 251681309
                                       3693552005 1626191906 3631394756
                                       2648099654 3507265378 746860507
                                       1284473910 3011180645 4268710912
                                       129920450 583089293 1684940682
                                       1054787484 442266221 3622075779
                                       1438023808 3390474931 950364260
                                       855827494 2651598378 1359676492
                                       1025390564 867922361 94224699 420129374
                                       742637027 3307368484 3061833825
                                       330980808 1929621182 1206152029
                                       3407424445 3313410746 3769074618
                                       3923575581 502300153 388708614
                                       3117286964 432808078 383567071
                                       4093294448 1369369298 4271164469
                                       19235572 1301661430 3762446190
                                       1970980075 3661006544 1053302456
                                       3868551103 3290323354 868263708
                                       948973444)))