#S(RANDOM-STATE :STATE #.(MAKE-ARRAY 627 :ELEMENT-TYPE '(UNSIGNED-BYTE 32)
                                     :INITIAL-CONTENTS
                                     '(0 2567483615 237 1683625228 2934407411
                                       148510471 2637698458 144370405 735848865
                                       298436952 2363274153 3818472113
                                       1435213789 2234423376 959823299
                                       1714726752 48817431 2922974350
                                       3440998874 3290474055 761983709
                                       4267309292 911722436 336918518
                                       2538888166 330351566 4090605759
                                       1093868985 1919059176 1064268461
                                       1918217826 1532311837 3430025030
                                       2593414119 360840287 4086995786
                                       1688300949 427509361 2352516967
                                       1139519168 691891787 811369293
                                       2042181457 3892823370 251083726
                                       2416225561 3170286420 2335288318
                                       3276492294 530330453 2242032468
                                       1771943389 805138096 2484318374
                                       3940074378 4148284667 575709540
                                       529737558 1435114261 2674208014
                                       3540806278 2282637848 3648960337
                                       1220622577 3654324063 3479234603
                                       1449176323 1584422456 1754395973
                                       1212198014 2622965747 2397820529
                                       3561930030 637654527 1771114492
                                       3573455316 1478390742 3473970827
                                       3333639599 43374096 865981945 498553913
                                       3906888284 4126642124 2056726439
                                       105579824 1242410086 58550773 2220970925
                                       3431135620 75040482 2223511002 437557120
                                       1174999700 415123441 1875700045
                                       1809974961 124335409 3728724637
                                       2718699926 3015504106 2436667263
                                       1426978598 2651629018 367437655
                                       937173172 3621621221 362071808 335836533
                                       3281565606 983684149 3477085561
                                       284280688 3787936675 541194420
                                       3355763869 1112348333 851104143
                                       3612211387 4047459493 2688527980
                                       1731558287 346056501 1660427002
                                       4270458117 3277269342 3938726385
                                       3908421747 641076407 287185681
                                       3013484403 4257228765 3711632694
                                       2258735610 2618236362 2279840882
                                       3780934762 2937091495 1709298343
                                       3864853133 1928188191 1386012314
                                       607803201 1493706800 3231352561
                                       2996974022 1991432192 31911493
                                       2901288784 3121486701 3178881697
                                       4267441374 2358786738 902783989
                                       3293089669 4112353962 2127167562
                                       3882418198 253946415 478803056 292553203
                                       2183701666 1290314142 3704630026
                                       947902185 1403012269 4289021667
                                       3714135334 704890188 1923765070
                                       2505345907 1375942238 2907173833
                                       4023172411 2391773363 3351931714
                                       3334056647 2535476412 3372067057
                                       1478235456 2390464161 2648563029
                                       2961421767 1262260122 120443769
                                       4026984764 3556846555 206007541
                                       2349548299 3732830965 1273114818
                                       4276853269 157726847 626738037 166116373
                                       3431322844 2728506435 2604499491
                                       2651880923 2568441536 1942233766
                                       1681672006 3030143469 3660443352
                                       4116029479 818776953 390365493
                                       2162932198 4236789201 2250399530
                                       1193410018 1576295364 3622989954
                                       947876712 3657634372 1182275032
                                       366503594 959910962 994816980 2819857791
                                       2610205755 1250608708 1692585096
                                       689364715 429181450 1313965561 452814561
                                       224792279 2461724361 94631280 1335273091
                                       1766780598 2224281117 3030612641
                                       3081431567 3614484545 2073667248
                                       2254068452 1355168915 146645462 50849107
                                       752668356 268395392 2681571250
                                       3662310823 2419372055 3158816988
                                       447220388 257697314 2478257149 149235987
                                       741466331 1170738926 753118036 271802897
                                       2954618359 551954949 147831129
                                       2290614132 1286675842 2413785685
                                       1614791489 2509645644 1609822539
                                       1519528677 2703568074 2941332444
                                       811050796 4138250475 1689913178
                                       612039675 982296913 2260118970
                                       4123765472 873375012 2095414615
                                       2653398614 715506763 3337600312
                                       1971308939 1479420598 2603185587
                                       2495400873 835044349 2424356054
                                       3201470683 2043140666 3441474783
                                       4238092798 329035881 269551936
                                       3883235138 1093509027 1237686133
                                       3022125959 2971551128 4154811340
                                       1877167630 3225485289 3889905878
                                       812889755 3172722604 1420610884
                                       3527558009 3495087140 2950217124
                                       1682454177 3664643102 701202809
                                       1173395435 3083847555 1217714968
                                       159037258 2357099816 2541374086
                                       3224433293 3589724946 52647476
                                       2252207910 1886186095 3902801339
                                       2266175518 2071021981 1667468667
                                       2878716222 4254866341 3985912123
                                       3196151744 2222958420 463997711
                                       2331472053 432452203 4268211250
                                       1618210803 3996448039 1983047110
                                       348107101 239857258 1587025056
                                       3844678800 439151848 1540189358
                                       2957432837 336279151 4085928623
                                       2062828498 1442256158 4179379122
                                       1420920534 899232470 3386713872
                                       1255017920 1204649060 1660599751
                                       1724292272 2353640080 2691848973
                                       3242213499 1885515104 2617253589
                                       131209111 3184144700 53781549 2280741643
                                       2971809535 2444109837 3033397405
                                       1272941559 3333837732 3071377568
                                       2145068632 527903217 3914590337
                                       3076821103 1077711512 3549712837
                                       2649534643 512344965 2776779226
                                       2566118068 1578757371 32372468
                                       1752094021 1691139674 2469964234
                                       1794307268 3930028512 3809981849
                                       2865672137 115843134 3764207169
                                       2680045774 3050671786 4042668219
                                       99396992 4099054996 2121332623
                                       1163582485 2673323664 1880159628
                                       3839217044 2952227221 774040581
                                       3975522906 3901547297 77538181
                                       3630074565 4135577639 892834691
                                       2196789798 405293140 2628289867
                                       550607093 3209736005 3033019859
                                       2555007476 190716226 1006000398
                                       1461072054 4138047965 3904634422
                                       2936316201 4107323450 252830197
                                       1941816180 3190973684 3223837119
                                       2215808355 2948431323 3007998560
                                       2721631502 275941611 278387198
                                       1516953393 1950345485 3034484379
                                       2466489667 4148624599 172947275
                                       4184884997 1369265886 3474245539
                                       4263633188 1048119221 2846540492
                                       581802128 636300255 4075086701
                                       4107086099 3748382435 1075868651
                                       2184913870 1436929702 142111522
                                       2725556557 3595616240 2931372826
                                       2101547167 2902691457 3879224667
                                       1302707041 2722757916 1940710784
                                       3039239275 4033336796 3076047751
                                       1743786068 372368211 426797625
                                       4174849543 1043656243 2726640016
                                       1565990442 3092742314 869229788
                                       332251437 2396953277 1714940742
                                       3396130443 4294829305 2639373280
                                       3016447645 1591293821 1180855175
                                       1430141524 4207867402 471039338
                                       4110149354 2693661071 2261342959
                                       1176618941 2572905000 4123222157
                                       2516139238 2455631972 2309229892
                                       1199461368 2793922972 3301668280
                                       3380783775 2637872970 2817705698
                                       2930364659 2892968494 421173715
                                       120816838 2637471748 2149093143
                                       1729075613 4217146559 3827835714
                                       961734955 2049713608 1671860804
                                       2685303538 3890237303 3550849766
                                       1537476499 29418398 1456001743 841463506
                                       3606233296 4104973025 1103738455
                                       4087706087 2930508067 3429230511
                                       1744450227 3706124498 4190007157
                                       2251746034 1915504763 993121104
                                       480022523 1686806393 2768701936
                                       472715938 2778552425 4035947010
                                       3755151560 1733965182 4261350879
                                       4196406685 2811623847 3017109504
                                       661533535 3039294605 971357728
                                       3578001890 2441605960 2166047631
                                       2432667931 828330156 1129637641
                                       2868370916 2174648388 1449147697
                                       2677700535 2403835524 3762518744
                                       3537915718 1346849923 225207562
                                       2455912354 691331606 3691317809
                                       786007295 2454114798 267612440
                                       2055852163 2105326960 3363811787
                                       1538186802 1162279102 930109245
                                       422786807 3817194530 1045356252
                                       2501363892 1942978344 2760878502
                                       37684171 4049822913 4127679365
                                       4060211402 3852800729 1321565958
                                       3606859354 357650884 2032217111
                                       220235492 3392124938 1594733198
                                       879225915 1075463713 3686185075
                                       2712447270 3813742116 763211730
                                       3000747686 2109692357 3141977451
                                       1336338408 2134862522 2146313440
                                       4230328426 3555767123 1796470142
                                       3091054252 1417853819 420903353
                                       3021990033 1168930781 1274936272
                                       3674517617 3634063737 3235350979
                                       2325956685 868012155 1523274766
                                       555867734 3945265984 3132502701
                                       3958149733 2087062450 3693133955
                                       37617418)))