#S(RANDOM-STATE :STATE #.(MAKE-ARRAY 627 :ELEMENT-TYPE '(UNSIGNED-BYTE 32)
                                     :INITIAL-CONTENTS
                                     '(0 2567483615 460 694372269 3755279892
                                       1672502561 184026474 294574752
                                       3977549008 3854758662 798998233
                                       367964583 633169474 434358442 4267839656
                                       3184960371 1458978324 265991310
                                       1491726869 1754945666 1287907379
                                       2249325194 3717907402 69760981
                                       3584333991 2196836091 2041284409
                                       472740990 1664113898 1176529913
                                       3188210142 946423035 441734209
                                       2450562469 296873999 231285854
                                       3660090797 28599653 785956303 2442277316
                                       730177620 180226452 2623252859
                                       2069727340 3848830693 2921213152
                                       1512626156 1647339081 2227596850
                                       4203591397 2968664837 1317828715
                                       2210384652 2555386608 2278882996
                                       1508396968 3631352439 2864976797
                                       4244950778 1328145231 1908242730
                                       25301909 2290611154 2935426568
                                       1429369595 4231696803 4250392798
                                       486751990 3212515488 4291558517
                                       3477133300 3708322144 3217770193
                                       2027841654 1733706657 661842404
                                       3897701298 1496434220 4075320258
                                       1123794761 2040776808 2902047983
                                       408722098 933811564 2781253597
                                       2102938106 1835052086 1114160151
                                       2132572310 1669732754 616848040
                                       2395258256 3578407289 706474914
                                       3981793214 3088853300 3797806066
                                       183979015 2730308384 4088710951
                                       4188725501 1135686295 504010140
                                       4248080186 2655089071 391923784
                                       3435452488 1963715951 2552687629
                                       695923830 344923436 1250133898
                                       4100283992 2387219262 1449741287
                                       3327053318 608476101 3430294240
                                       2252660911 3678892764 3629360142
                                       732944580 1677271884 3384319639
                                       1984902996 3531766220 1547425851
                                       3571815557 422301394 2372463643
                                       753281117 3630010533 1887111592
                                       598194658 2663298756 688545642 435359857
                                       3026465034 1992209372 2743269900
                                       2373890891 4293741184 3253140268
                                       3296413658 3445850918 3686904631
                                       3837959774 3869675455 1738209599
                                       2012828308 3824351645 410532274
                                       1521352470 1248221561 1186604590
                                       2998207391 3353542490 3581222890
                                       3231424494 736249191 4139127862
                                       634585132 2910084439 219754688
                                       1771235486 1342966720 1293246034
                                       3377990266 3645464238 1573416898
                                       1342333338 1059883714 407226012
                                       853177302 954551824 2116653607
                                       4095652313 321331685 1724364150
                                       2926467853 2952868810 3721286741
                                       1315009788 1370465547 993360138
                                       1956416613 966477548 2600129860
                                       2829022393 3723875726 2589766437
                                       1131121119 789077714 3911874618
                                       3350750667 476845330 2611693418
                                       3185084423 3552123400 782341793
                                       2332239067 1178613066 4121164581
                                       1180912342 2852353718 1443248302
                                       4280675813 3793040429 1338139906
                                       2228524778 1427251591 2098824663
                                       3488341079 2482655136 914538295
                                       1913799537 645083913 2650825553
                                       4292375221 545790776 3212095423
                                       786920172 3336204913 1677743442
                                       3796670178 749083719 1972491726
                                       3675464795 2422714051 2557042771
                                       1804971112 3038448756 4284370589
                                       1538054765 3476598289 3020767828
                                       1753649720 642507672 2275715946
                                       1549582849 3667042709 1511170268
                                       2310832597 4030685085 1861720337
                                       702488279 1941548807 298106495
                                       1642194622 3744996112 2821145796
                                       3162132667 3221347256 2328262872
                                       124336177 836548079 1263698145 611383685
                                       1958887584 3770459267 798072073
                                       2582834308 3598446942 3367948373
                                       3458627245 770134436 2272856689
                                       2132864963 2449809704 4161596188
                                       43451471 1676867112 2270646746
                                       1532024266 1361235547 877930788
                                       555929110 3771282603 1912722987
                                       2962541178 561776209 3212676810
                                       3962158773 588288307 3707498898
                                       1311790198 3935317740 957094046
                                       3350558082 361048183 4278928646
                                       3937393289 604657617 351443301
                                       3908923097 2137733553 1727136336
                                       169935046 813638416 3197284297
                                       3854397109 3104992043 3379817197
                                       31369169 594852987 874850063 866235705
                                       847960174 813750841 4250761977 122745461
                                       828834310 3860902611 2077717267 49240476
                                       189239038 2031523622 2159647233
                                       1728860741 1811920362 54806247
                                       3444461269 2512214123 668494979
                                       1443422771 3855512410 1403783354
                                       2131266240 2425556710 1247588626
                                       3212223004 78297958 322322873 1801982523
                                       3336255242 4167839405 1047217393
                                       1837980447 3638092962 3857754166
                                       1098965286 1746340237 2329202260
                                       3960367137 1091830877 3070404922
                                       3397493120 1845248520 1420797765
                                       1593841837 976692877 269777532 270674929
                                       3945838842 3200239408 1712179125
                                       2799971405 2049066998 4098460755
                                       4229691231 816218581 2465019087
                                       1266999082 3233936025 1356436556
                                       1366041098 2804423555 1124756103
                                       3686235735 2632575906 3411194256
                                       2825825419 4177716252 2452810498
                                       389379824 1684292774 1647659551
                                       2929104414 1185558830 3895393995
                                       3768430424 2596364161 1777797319
                                       934576454 1996132620 4265657252
                                       3111675641 1269596686 2083993572
                                       633766531 3662120428 3963170323
                                       3361007340 1054453889 677617998
                                       221817385 1975355736 2972642108
                                       3936597537 3443706944 4153471871
                                       224644503 3498675215 49083010 454059426
                                       409092679 139667149 287757105 3452711260
                                       864751330 4077157323 3354017285
                                       2133118644 777387533 3389397898
                                       3873147437 2274378415 2882721896
                                       1303003275 1489626978 1553206763
                                       2859360621 1785588718 72062702
                                       1428588325 1273928259 755888237
                                       262572709 1395701920 2194187020
                                       3472353031 1317072209 1799021372
                                       3772835338 225604402 750166259
                                       1541686655 4120762974 2819458442
                                       3997713688 983853374 3431853432
                                       2239126091 2336206930 2487169869
                                       3089249048 2806634796 1534787756
                                       1800960666 1959281728 933019119
                                       1731193759 717370222 1953251765
                                       625698671 3856912556 2234722721
                                       2875132471 1197071126 1013848607 5992522
                                       599554885 2931877254 1896150729
                                       1471108945 2654485678 2129915407
                                       3554742836 3838501846 971763104
                                       477429103 4157244043 3200296644
                                       3926959179 4040021036 4098251756
                                       3686516152 3622262605 3749339657
                                       636897319 3447998228 3959720620
                                       3542549852 3986732468 1410340535
                                       1995251906 1095566031 2159409430
                                       348306184 789330050 2036198795
                                       1283206609 3766683588 2078551489
                                       3032581857 349026192 3232254098
                                       1961488841 2710393864 995881053
                                       829791906 3927213433 3869199269
                                       963889340 2158093255 3722435844
                                       703148440 2237971216 330911293
                                       2348470247 1031437199 101258646
                                       1780584440 3585970666 2389625608
                                       2034902335 1390209346 471863365
                                       3484743568 2346381695 2632184918
                                       1007344703 1549435837 3290726482
                                       1379710611 1886064528 42716975
                                       1805128455 3174756602 3612584886
                                       3842094832 2075118612 589214962
                                       1977241723 436181023 1554712506
                                       3612463747 3722170217 1415670213
                                       3829210395 229180426 672048197
                                       1066383880 2634747111 892224870
                                       3922016972 1195285682 4115329013
                                       244902747 3807380153 3660542324
                                       3767091002 336452539 2824311830
                                       1790953806 2960336406 3098563036
                                       259279285 2286981740 3673255322
                                       2414595480 292755817 1436896261
                                       4197520401 885702070 3735976381
                                       2057238603 1137492927 756931315
                                       4040145999 3897360726 2050677975
                                       1153548414 980724747 3461287935
                                       2513623754 3467818059 3994930446
                                       3160696454 1271934821 597692219
                                       1812119338 2216126785 1299961126
                                       592550330 1262904462 688279207
                                       1456085442 2160020487 1193477491
                                       2352683431 720341599 1123840719
                                       2898622453 337414037 2987287201
                                       514646372 3287281869 2620071727
                                       1674748831 2150369580 1668207823
                                       3824094040 2964582603 195420652
                                       3109644675 4116076385 3096882871
                                       2591578288 3167126034 2023311270
                                       3695605426 2623877682 2257407756
                                       2090848139 1167745169 655989813
                                       2348881860 1481114059 109161076
                                       1655134716 3698920442 826701847
                                       1899513349 1579575931 3009392674
                                       1090248521)))