#S(RANDOM-STATE :STATE #.(MAKE-ARRAY 627 :ELEMENT-TYPE '(UNSIGNED-BYTE 32)
                                     :INITIAL-CONTENTS
                                     '(0 2567483615 439 4286983801 524682659
                                       1203828978 4170603137 4050608687
                                       1491120481 2967023224 3271211877
                                       2329837847 2401506622 2496459361
                                       103127353 54446642 514561927 3486726733
                                       3044989663 2049761094 561977977
                                       2608995847 3856558770 126449395
                                       4095457977 1825231041 2922962996
                                       3258805679 2733918913 2609501546
                                       379470932 3651193923 2740643021
                                       3992972099 1248771871 1618027048
                                       1323666402 1978247809 2473463730
                                       2535133431 3328982198 817916698
                                       2163009923 238200288 2194565157
                                       2347548581 3564796114 916812064
                                       467517368 3241854520 768194908
                                       2489839496 2840753587 2384217116
                                       3912439049 2743812889 2734770274
                                       187330821 1221321622 3274006505
                                       2576493330 2117317177 2209236141
                                       3487199428 970033475 2640004536
                                       1001634607 2582050253 1239153056
                                       865450421 1142246562 3999044651
                                       2915022194 2381490500 3481211151
                                       525214329 3031849595 295287304
                                       2411801418 231833715 2563920743
                                       1171738548 3478332021 1289191914
                                       319962262 2525517848 3390335443
                                       684758110 3000031644 3963950220
                                       2039673432 3051837468 3657317251
                                       66271663 4131412324 2997406206
                                       3388142821 3621147833 2124166766
                                       2454120318 1245228351 2501869832
                                       2684841198 156265773 2933805202
                                       3757205615 3564159212 1281256554
                                       828608738 3963337013 3232663819
                                       3630924225 414296655 3038066812
                                       185725249 3224015736 2333607432
                                       2386581461 3514785818 1178376518
                                       1222726644 1945749900 3042452588
                                       619063044 2154342553 2879725214
                                       3134495350 3009661402 1145522132
                                       2446738002 1556979178 1758657071
                                       3399853757 3762527100 518611951
                                       2249539440 1978389443 1092384678
                                       749698949 620741817 1834273490 797975199
                                       1639834514 1184004625 2457835913
                                       886339251 990732111 3876335885
                                       2089107748 1617254594 498479088
                                       1710336879 2048763696 1330311663
                                       3515227755 544299981 2323676259
                                       3110492813 941534570 696403242 355509745
                                       4104433279 2788883787 736010795
                                       2484445776 452435184 975109018
                                       2982720072 2089503497 373270560
                                       1690714968 3127028108 2183080852
                                       2446908400 675044699 3245261410
                                       3563199001 1569575016 594640549
                                       2653531714 1226459675 1089093481
                                       83467512 2426608089 4262028557
                                       3794652750 1811078150 1180024395
                                       411685905 1335366214 4086599126
                                       398971375 835744467 266367149 1064309638
                                       933547396 1958929541 3355941977
                                       617036610 788121837 2437309387
                                       4221126365 3360938905 307791885
                                       947405653 2468985854 1314577846
                                       3836960280 2625000765 2520342339
                                       2871170311 4067194872 1491120789
                                       1300570839 1720963649 3172593408
                                       2219662810 1993287724 899018582
                                       3576565018 394559944 1024759947
                                       4238663770 1626151799 2444367025
                                       2326765167 2662164151 2524274363
                                       3637073655 3076711594 3729032360
                                       2918404256 2253156440 2095264722
                                       567956539 2385339222 3317849045
                                       1455733497 1415581733 2253680220
                                       2306475091 1710947531 2072595239
                                       2637363502 1969528649 608675661
                                       1221610472 4108439495 2099703335
                                       877607708 1181492193 2340100808
                                       876060379 3998086170 1788322664
                                       886132410 283372130 3957034881
                                       1031743872 502999954 267764761
                                       1070570961 3035389539 507651996
                                       2885367110 4057716299 3189629309
                                       3711212541 982777335 2969910688
                                       3262060763 4011330532 685584743
                                       1886590403 306512715 3954381836
                                       3903303792 2088573169 2717374560
                                       1487720835 3833135381 4217399883
                                       3832913445 3057229027 2136198091
                                       3878981129 2869670911 92050885
                                       3387114070 2471061434 1708430844
                                       1296276086 1115083869 1240799241
                                       2866445519 920695439 1310216322
                                       3233966067 515822321 4077247155
                                       885544849 3641132392 2013588614
                                       3509417156 1356901467 3237453834
                                       3321886121 1548495751 2113779232
                                       323399540 424905735 3567450916
                                       3488912394 3749031143 524811787
                                       3874609968 2169462568 476274357
                                       879578338 3532177193 1839994248 78118802
                                       1949521929 1802981747 3176353070
                                       3235957331 1019986657 989744944
                                       771305211 4174205710 2907706143
                                       721921958 3124634214 1493174260
                                       3186855393 996332903 445933783
                                       3503772773 3568415753 19174713
                                       3618704431 3217634298 1797922013
                                       3563886925 3674857029 1600376273
                                       3811751328 3481428686 2248772526
                                       3599948004 2765884322 3316402011
                                       138691214 3435228272 3448705270
                                       3912904545 4154278844 613774374
                                       2809414614 362299208 1940420186
                                       1891561998 1173807422 548138337 54267160
                                       550090859 3606956780 3274437704
                                       2573791853 3860360994 2624916761
                                       1810005687 2514522381 2611223070
                                       3704172694 411034956 2054759060
                                       3638894090 449531140 388359729
                                       1439904365 2261112518 1749948483
                                       722816497 974558148 1161599114
                                       2583727979 2577368467 611787948
                                       2295228600 320439928 2834475705
                                       2531075978 389881419 2234109385
                                       2959978006 3203007213 1299871445
                                       2454291357 1050287953 3943724856
                                       1683798833 4192359219 1661635328
                                       3995891912 1811154390 567157203
                                       1757753139 671120196 777934378
                                       3933329729 2083976286 1019544493
                                       3342506977 3791483432 3384757157
                                       1621313656 1210802170 2605714144
                                       4008866533 826331741 3476533440
                                       1551804302 2326776278 2399086432
                                       3193290278 2953048384 1788654186
                                       2173457230 2172404815 2481883909
                                       3423993236 4110719524 2427698084
                                       2733953123 3665088264 3370426911
                                       3102534308 2926462842 2205474820
                                       1490558816 1271107015 3364437002
                                       3207409596 1442291887 3607056769
                                       1944887963 2075064026 991692042
                                       1274257026 3822313672 2508338710
                                       3518884340 3064185234 24399119
                                       3300534634 2146699012 1393596054
                                       3970941771 3988539265 3857339530
                                       4031627181 2206271174 2477130895
                                       1824755926 4049500536 2708864017
                                       310279451 1176101558 232612506
                                       1122566559 522922689 4009071195
                                       3736184233 3159656639 511107819
                                       1530250055 1155327691 1989742837
                                       3339216084 3060649491 3060065125
                                       3761231236 3692625301 347729447
                                       500653486 3906302109 2313657281
                                       2757741533 321138645 2009438111
                                       1580826964 2543900270 639170774
                                       1994889991 4132285094 2681146306
                                       933996130 3495454291 586604675
                                       2117888515 3142717921 1913593853
                                       931403506 179504721 2128102404
                                       2775586686 880409987 745508655 760069161
                                       2951022783 953467531 2558267438
                                       3199466788 4199951977 3445437833
                                       4220727525 1263807546 2178283684
                                       4101282304 1817058950 942882307
                                       748943144 94712116 697023283 3155149683
                                       3096906669 3993546461 3809204094
                                       2720018195 21080566 562331261 2577041979
                                       3256884035 2207213027 2776514915
                                       2593855617 742847475 3693507662
                                       1916463468 2064328491 446648741
                                       3174441461 2662453183 1358129735
                                       1093668159 3364782897 3445546604
                                       4215033923 2209139506 2989010399
                                       4156025619 353016648 2635288460
                                       1546718598 1113791019 4212301295
                                       3203572565 3155128636 3047792091
                                       2520445402 1089704457 946515907
                                       2936953558 853046922 4214134935
                                       1319901471 901238620 1284722185
                                       3080167335 805646111 2215707915
                                       514203071 3119489272 608404372
                                       1702324736 2034441697 294669493
                                       593989997 821573238 4086310739
                                       1502394542 3314135406 105877349
                                       1205816078 3278456177 3021985654
                                       2426066927 2346243875 1645028880
                                       1549438877 2965470267 2746766228
                                       1044226824 2411594854 1039211728
                                       107762852 2421768123 662668891 895823395
                                       3931642825 2066329543 3818246437
                                       3020520967 762831091 771193904 523834395
                                       1825161109 1707995202 257778574
                                       1449732841 4131206580 3995271524
                                       3372007304 2250667891 3815620062
                                       2283737300 1800037494 1442622555
                                       1042973017 1895349331 2504826621
                                       2097327712 2925251054 2943375847
                                       3290585267 3629234354)))