#S(RANDOM-STATE :STATE #.(MAKE-ARRAY 627 :ELEMENT-TYPE '(UNSIGNED-BYTE 32)
                                     :INITIAL-CONTENTS
                                     '(0 2567483615 313 2245038321 1226396315
                                       4258113581 2698745944 977530966
                                       2034290401 3525872795 2572768741
                                       1138116303 1971159322 4045559366
                                       3064481168 2325718259 1876544116
                                       2475566196 937734434 2568295014
                                       3363731483 2797104854 2700037779
                                       30636368 839226533 1584911518 3017547706
                                       2268904035 795370234 2623468626
                                       778326922 3929729928 1385558045
                                       277260092 3620513919 721774984
                                       2584459434 524413629 3428036868
                                       1129259820 735098766 2112996201
                                       1721100477 3540834070 4057895511
                                       4256777358 2624907433 2256472393
                                       2051518136 3930572813 2326704279
                                       1342944408 1284878632 282683662 25292539
                                       2150384233 2348474465 969764455
                                       1182738025 1146654874 240483314
                                       2193806819 1651202475 2717843279
                                       3901979211 2217700653 3253620931
                                       2033608040 4275643028 2121251033
                                       3266046187 4101165104 4062043138
                                       3172298642 2579194327 1584799793
                                       1980750209 2213674974 3424968450
                                       2416635991 773256525 2542485489
                                       2766334514 2196753189 2202229216
                                       2678145510 1524384520 1540992479
                                       543065061 1157130443 607833735
                                       1825084590 369337805 4011595332
                                       2509909694 3605107939 2086784275
                                       4113083033 244705638 3681857316
                                       2901072268 3422538552 2411704888
                                       1895102037 1404677723 1560668090
                                       3556212785 2249824756 1795878996
                                       4109227962 3040414105 2261017237
                                       3401259220 4138195277 3606833482
                                       265311671 3591884999 1194168041
                                       190658915 251949773 3977014897
                                       3405974275 1344591565 169810720
                                       162031989 2789032027 2213132332
                                       4033235237 3848508065 4033367054
                                       625907128 1260049052 3765945609
                                       3435781996 3149562759 4182558014
                                       995819660 1099651402 1838536468
                                       1900250326 2842342864 126630350
                                       2690478174 1019546146 1392540042
                                       1965883368 2680617498 3360224898
                                       3885966327 3908422601 2400364155
                                       2292752206 1025677864 28985949 724126294
                                       821033278 539691196 2952510165
                                       2165433490 1808580575 3811564625
                                       2601703129 2851703458 3819399611
                                       3878148086 2562581872 3623036560
                                       1396533259 918537533 3315842957
                                       3818915829 1972772921 1057320463
                                       530853023 1892176342 2230564703
                                       3859637969 113929303 4182761968
                                       457669830 1035372838 4084174114
                                       3222854782 2327547164 376798912
                                       1299700665 2698666415 1867908048
                                       953554789 1442168139 3671671890
                                       1783536835 640017085 949067612
                                       3287435520 2170328960 1259584922
                                       2531655593 1812317286 604462824
                                       2795956493 240604524 722707441
                                       2807967796 1676509867 1544447536
                                       3091237818 4066397192 2080730262
                                       3424218308 1619110137 2679993663
                                       2495855738 886183193 3907647954
                                       701483127 3318037741 2497671948
                                       2745942036 3214115539 1210443127
                                       4008887766 219313267 2259028250
                                       3405548440 1461172367 1931634550
                                       1694749862 2958299800 1479945452
                                       4041608087 3194831321 3352456735
                                       4015725611 549701516 2685760168
                                       1138729144 2197618704 3539209291
                                       3657710485 1421827859 3513006923
                                       3787495295 1049761507 850991404
                                       1526014692 1768743013 629525308
                                       3500991349 2886270574 1266318065
                                       185846712 3364703682 1645156339
                                       3293770272 291552723 2353366642
                                       2769687723 872752977 820769830
                                       2631307070 109682403 156705228
                                       3707788428 2165356986 867561633
                                       960612717 3200586104 2660071782
                                       3202424510 345660170 2706937206
                                       1330263743 1924439744 2610439481
                                       587567221 3757435434 690875955
                                       3438002939 517499469 2902008640
                                       1702097103 1497572429 2700636674
                                       2020633406 1518615753 1776129762
                                       1375049367 1151598302 2162391751
                                       1876747226 1834413362 1645648012
                                       1200067361 3052287622 2031806178
                                       3063253782 3758489149 517068345
                                       369954148 732651167 3933593049
                                       3720873219 2376623434 341579844 25248253
                                       4088278128 4106973793 4026768848
                                       1273551860 1672162525 2974564024
                                       2421570838 1797921682 254111002
                                       1283309200 2573810944 3545648842
                                       2324212803 159159961 3495508377
                                       1477231925 1010785565 2009352783
                                       2913758803 3268111056 1877946683
                                       2152139214 3240674363 2618803959
                                       429415981 3994877076 235481279
                                       1115441042 807257085 3723129048 53055160
                                       1593144960 1955654724 1908823324
                                       457269410 2008934327 46731426 958871904
                                       1969811152 1505945942 3338821045
                                       51283326 2756083655 3864683875
                                       3639103594 1353927619 183235867
                                       2615111676 3702477196 2657827144
                                       843811182 2964685239 3454998529
                                       3798307318 2522890631 3882985527
                                       798039470 1653119812 3855024080
                                       1944510997 2911546165 1402303183
                                       1856602438 1914832137 1721926044
                                       3762196044 15360911 1537227588
                                       1692223924 1509584455 2745324201
                                       1125343932 1746355851 4051143529
                                       3429851111 342674252 2858705805
                                       3927087565 960460348 3656965879
                                       1855106934 3148372920 1353123149
                                       2736489117 922215498 2523461280
                                       4139039376 1029097286 910980907
                                       1699626413 2103564947 2800982911
                                       1859055991 529700377 3797121741
                                       3888661624 1783938489 3573514073
                                       64157627 441816955 2572834435 485352045
                                       3525592319 1086877643 3456321718
                                       1574359690 1969260229 103865909
                                       2942152472 864056502 3045898445
                                       2267486086 1668189074 1187760995
                                       2017397038 752382901 2869559217
                                       1699931030 2953191446 2529247146
                                       3553109457 2277418210 2756099602
                                       1936601086 262313816 1052138960
                                       3925195258 1098785730 1899979990
                                       1728765470 3792169405 2614280329
                                       2697167492 3369580358 60937906
                                       2332938387 4104610254 2043185058
                                       3803533013 3704686383 1018039971
                                       154926683 2859318306 1885471708
                                       2976104288 1379223256 2455437555
                                       2979976023 84740787 62182590 1430769321
                                       1994141309 1389823142 566093856
                                       1299539224 2926091832 2420154642
                                       1746829823 3820568465 751025870 92620185
                                       2635791904 7590395 1933212955 2537225280
                                       3317212989 446350043 2064983041
                                       586614622 833894505 2181360935
                                       3634278387 3859049309 584730539
                                       1516687207 3672280000 3404824421
                                       3662321254 3309824492 3844343372
                                       491500224 319934912 1282681484
                                       2246232856 2636461809 437230826
                                       3712729554 2201756763 4009423102
                                       220685345 913181298 2694777802
                                       4121070080 1223787489 440910813
                                       3167615177 3220450621 2309757829
                                       1313170184 1874028850 4208441435
                                       3857685375 1583631808 2895996549
                                       1803893062 2867790713 1618179009
                                       1025579211 3026328316 4147581371
                                       623243248 3697341826 1245857568
                                       3188693760 3834003155 754014107
                                       580542935 1462243043 644775592
                                       2498059396 1187385945 785545463
                                       1988606246 74820936 3609490692
                                       1789587670 1584543502 3488828858
                                       4055195187 3065327738 1981969003
                                       2873205890 432772358 3872436184
                                       270814556 1029969077 2886322768
                                       1495621227 2988541324 630618873
                                       4294774989 3113567667 1296313410
                                       160506096 142261794 3825707922
                                       1097551932 1032937409 2599449829
                                       1182883017 2126525362 3373712678
                                       251250619 1859261498 3586551177
                                       722239201 954217173 3434353683 637315684
                                       3888939888 3417251962 3369270134
                                       876266297 2053833881 3068913003
                                       1805327861 2878145323 1135057894
                                       1103523051 1714797704 434878346
                                       4014581364 2265827582 1365764073
                                       3667893259 3873897575 2159717471
                                       948477775 3058241929 3964024802
                                       1497352414 3236736077 2937822336
                                       1858149009 830430816 558007874
                                       2509746875 2222738986 2340405678
                                       2948285546 2755489424 199468061
                                       984176743 1836825613 2394767235
                                       3941588341 1928888062 1495822578
                                       467498249 3837555784 3444991483
                                       920575097 1614639753 3117234174
                                       365991693 1239721478 1845806761
                                       3262974474 2980965659 430372305
                                       3075890921 3533928545 3225790664
                                       2331734848 1355139990 3466466791
                                       1325924347 2587518964 2498293672
                                       992647626 2222091966)))