#S(RANDOM-STATE :STATE #.(MAKE-ARRAY 627 :ELEMENT-TYPE '(UNSIGNED-BYTE 32)
                                     :INITIAL-CONTENTS
                                     '(0 2567483615 151 2934736644 382389425
                                       320621767 1414105164 4094483750
                                       2991876689 1503684713 2902681598
                                       574262663 3328832220 1900633209
                                       3699492880 1741338978 431913126
                                       3947577038 1393877236 3824164751
                                       3026495113 3506083554 519605352
                                       817617553 3117052258 4273601467
                                       3884557068 1705722005 4071832076
                                       1782298423 903499184 3547192336
                                       3862370699 3573218379 1521316716
                                       388985990 1622534268 104108277
                                       3742028228 728229482 1270960652
                                       2997175645 1438024223 762712868
                                       2827334930 2572423024 377694285
                                       976116846 473674801 2359124444 910653324
                                       2473597718 4067434711 3048574493
                                       55904657 813977963 3847884563 1922060156
                                       3779304376 579521955 485292224 626275333
                                       3642354001 315610791 413227793
                                       1844003484 387786463 250017603 204835957
                                       1810007053 171691976 1704890520
                                       1654851045 2091870795 2642310927
                                       3229934162 47317329 2969583659
                                       2593568120 3552241301 3718482584
                                       4221783360 3774087890 177617161
                                       203475661 1356127417 3684546980
                                       2975266979 3857211930 1968997482
                                       1108506104 761364512 3052853454
                                       3574287328 1240540173 1310392001
                                       1939527328 889997533 914540804
                                       2411161866 1445876789 2774694295
                                       1975831723 4187733887 874342212
                                       1570959879 260238572 3105987554
                                       1100009692 875155324 2452117595
                                       2310288678 811528588 3219474404
                                       3377614970 4253479544 3747948351
                                       3479218935 3859399434 31474585
                                       3495901296 453473841 1518166439
                                       2236414070 3356973551 2876636135
                                       3353469787 709610875 908803488
                                       3340553281 123514491 803313192
                                       2518365336 1421992108 3509083908
                                       3101394916 2639323915 2038912763
                                       1279775615 913650529 3056630680
                                       2315281854 3023062911 1296494917
                                       633249300 2398256055 1064995524
                                       156927310 547276819 1203942181
                                       3574556998 4284493548 2864941419
                                       1984949859 3562699190 852866358
                                       732923200 3459573696 4115809353
                                       1831010174 2594846232 1519780621
                                       858226053 1707742728 4256417983
                                       2625085660 4274187012 327757613
                                       286030154 482188354 1531007471 170439341
                                       4178553940 1117580897 2125083213
                                       3387923430 3342961738 1114738696
                                       3129768943 1424640569 1380607731
                                       3353496851 3304003628 3612713985
                                       2847166990 3515722303 3839976999
                                       2609420103 2205093270 949820283
                                       1041051826 4113698645 1926580850
                                       3307596396 2762366582 3607664096
                                       1370003975 522980140 2071486082
                                       3180434963 4119517135 3387560341
                                       2640821876 3416736345 3834134913
                                       3139901404 586526702 1468828790
                                       2183686859 1045234898 204875325
                                       4015454577 4142613321 2875282513
                                       84144772 2487857354 2542913614
                                       3545383679 4106405066 903462505
                                       3757987981 928698849 831949193
                                       3949615106 3521208262 3744729067
                                       667500643 895376399 507693512 982501346
                                       285952376 3664185960 246334424
                                       2054774634 2116420985 176101241
                                       3234581212 4292650920 1950348747
                                       1500967114 204881186 4250901973
                                       2696926221 1160571430 2824461190
                                       2002582717 1992120242 4109116501
                                       4042065013 3748030590 3517876558
                                       52975653 1485426640 966997751 231899243
                                       4208640821 3552000163 967637359
                                       265369493 2984791620 3030526379
                                       842134954 1499577690 1121354236
                                       1816568527 2191949477 2046825984
                                       2726428464 3898676045 3474463729
                                       1424998434 3058252175 1628056752
                                       3806685987 3387983137 4077820690
                                       2647900601 469530681 2784641039
                                       4267771415 1405049464 2830874152
                                       720722457 1247777707 70403902 3898359712
                                       2536326152 2855352216 2144194087
                                       1016415436 1397345493 3245205358
                                       2309853300 3051926287 2701393726
                                       353207164 611762139 1000254973
                                       1882271482 4100545585 3794250604
                                       189482308 674410485 2541823344
                                       2777209071 4177816161 3289466364
                                       1666695343 1409041733 282359312
                                       2822148494 127264188 476671930
                                       3091315529 4109622083 578907622
                                       3931472271 771133456 2545781848
                                       1462616372 2348931260 4054871731
                                       1978739499 3747113730 706252535
                                       2625003208 2582719316 651069506
                                       4199538337 4033938374 2370512221
                                       1009345874 2029062873 1271906374
                                       4225971198 3612366194 2549061046
                                       3486391640 2400991843 2044637621
                                       313817469 624131023 14902506 3571360461
                                       345032316 496346558 2953270099
                                       1205885675 1003410409 1730861655
                                       1042147387 3585126031 3600092743
                                       2494132968 1328023217 1167931841
                                       2446042053 2163162442 1020355458
                                       608493167 490559178 3168251140
                                       4048444143 1785163234 2387664577
                                       4239595577 405478102 3080957056
                                       1543763354 2642098280 3582089855
                                       3386985962 318460950 2787244400 66791673
                                       2625035748 3072947585 4125261023
                                       1730202433 4056123414 3034949633
                                       1045969296 1235195759 610818555
                                       2746410377 3419239032 3862050295
                                       1589737122 2476018208 566144607
                                       3156982871 622836538 577130107 888161366
                                       3187988982 920156641 1462961890
                                       2161004565 2115338400 1332585028
                                       3841221793 2758027383 732740409
                                       1149512869 81175177 1538309887
                                       3302858607 324619693 3905724667
                                       216626638 872328295 2833474583
                                       3054674319 2566350336 3671462113
                                       3266905645 959992309 2139057221
                                       1538013038 1563607671 1418945367
                                       15077158 2649902750 472192917 1767829639
                                       681622132 2142025242 3684508662
                                       1696908285 668114430 313986066
                                       4013761502 1581372230 1794668322
                                       3337772678 3686045186 1044251287
                                       1506655178 4257700406 2051200666
                                       1119553663 593437920 2902674318
                                       2254672095 3853462314 3639460721
                                       1733730169 2058654626 3506473359
                                       3516830212 4186012559 267447568
                                       822959158 2551819967 1440814615
                                       883726005 1686486916 2004090649
                                       1606647808 1417129594 3233567191
                                       3335765614 2813054960 3850397537
                                       1562652779 3562714514 2657800956
                                       3497017860 2133185342 254622658
                                       228132242 2011429373 2150370977
                                       4268511755 1341115492 211247896
                                       3605891994 1550355411 2192984855
                                       3735051174 2575617248 1800550337
                                       2495865344 753738119 1692581786
                                       3309239143 2550868371 2923530651
                                       2949912195 2352276465 4002776754
                                       2797543265 1356304097 3800583943
                                       1882642731 914726088 2808863624
                                       3839085912 4224288209 3352622620
                                       2643498045 1231608959 944019121
                                       1884946092 3777885398 1365493802
                                       2732655242 2424265143 930790063
                                       214482260 1241095804 3105807401
                                       674043130 547059739 917123216 2310371768
                                       3708446864 3053022106 2273476957
                                       1312499635 1444945541 962196410
                                       3501263561 141081004 2523999536
                                       1021614431 765680380 3802770274
                                       2140551000 392197277 3608140698
                                       1815104444 2244129125 3384947069
                                       3755315990 1751218001 3609943990
                                       1365756305 3968643377 1654024932
                                       668600709 1258506658 4027787322
                                       3793628160 1767391333 1286103866
                                       1745705718 1892806856 2112095466
                                       3274201654 1375606238 557323703
                                       1286146694 231172511 2370307202
                                       207003616 550536278 4022783625
                                       3380721325 2598795592 219603223
                                       3570594495 337990402 2085238726
                                       1399241805 1297544668 3632664019
                                       283966540 3970250134 3418986901
                                       1415025215 189753085 3769448153
                                       3686680464 4065118464 2977749846
                                       2119331504 1991073122 1996792050
                                       1390921182 3765183212 2303456875
                                       4082646579 872860346 1616876696
                                       3129534340 3569070213 3168480433
                                       2885634505 909032891 3105162055
                                       1162149255 2929562619 2787375536
                                       1546690743 3391922402 1122128628
                                       3732641584 1465157287 2065337328
                                       3454571538 2408850459 1895683635
                                       3199915173 3651103022 2121620799
                                       1088133392 149561374 3555393464
                                       3132634521 4138103273 4142375645
                                       2621917550 3112588578 2883190970
                                       762039348 2585133714 3684891284
                                       494109348 3754943457 830245771
                                       2717409016 3848154248 49724781
                                       2320040376 2018070623 404480454)))