#S(RANDOM-STATE :STATE #.(MAKE-ARRAY 627 :ELEMENT-TYPE '(UNSIGNED-BYTE 32)
                                     :INITIAL-CONTENTS
                                     '(0 2567483615 601 1856769028 2178127891
                                       348165012 2767998781 395789129
                                       1350714954 2090576419 2419439995
                                       3545302159 683046137 2641565559
                                       1367059537 1296265987 3486719988
                                       3031368718 1759360770 1478286539
                                       3826247442 1612292343 2793814572
                                       1544423865 1874769483 3439205580
                                       3830420806 2726348334 270678324
                                       113263123 1118210804 110345807
                                       1389550528 1830427628 3416305625
                                       3942416768 4222614191 2914004326
                                       3301885913 927627558 2488365184
                                       957207356 3324864247 1320850918
                                       3162726819 3004597695 4169729025
                                       2063719319 3422836023 3547892250
                                       2907048388 4007239089 3111420651
                                       1212742259 524358222 2414523703
                                       2482366059 3311812110 2077050069
                                       1645207287 1352305300 3439841858
                                       892067754 1814083040 2198643757
                                       2557726789 3455288368 2281713747
                                       1279160961 2826531353 466277079
                                       4213158205 1816027604 1609619725
                                       2973303930 3038125351 2249054979
                                       3318779592 1523814965 1313755483
                                       3551023949 3727105962 1115604567
                                       388063025 3919137993 4039408947
                                       3631358134 2086258177 1578307793
                                       3500452501 2168759602 1910142505
                                       877266526 3214559155 1786941473
                                       1718808288 674651112 1206367665
                                       3236923552 2890083165 2211484100
                                       1818472153 3452809884 108989254
                                       3371530183 210781732 4079313932
                                       1411511976 2380741288 124778123
                                       3927489882 2088237800 869968469
                                       3714994072 2512725471 1376522879
                                       623001873 1878279140 2345067671
                                       3567803238 3346416567 2161383875
                                       2678079318 4069401173 2137022232
                                       1817545499 2119471037 3040520297
                                       2197241992 3652691742 4055778631
                                       2693816709 2858154736 2932714977
                                       2893941356 3440136006 1203914682
                                       480658415 2080020241 4132242950
                                       1462946373 20402098 3755796628
                                       4279665237 3691172183 2911755640
                                       2143104158 1039173956 1736880932
                                       270296985 2748716860 1381134080
                                       2113584136 3582409815 4028096903
                                       1955944986 1885045000 3745312750
                                       3969324182 844866049 2137242305
                                       2776309712 2600564774 3792640332
                                       3156506380 1705867162 490606199
                                       3127352314 3160300725 1213527147
                                       1942638755 1192922457 3785838820
                                       3424762222 1151629057 2995337376
                                       1712944517 1412277297 614763159
                                       311564844 3646318810 2518897018
                                       1852676924 2365832802 2669610103
                                       3521071658 3940495778 1154294935
                                       583248995 1254757521 216702539
                                       1620293605 3207686970 2768856992
                                       1780670108 3176030257 127140805
                                       4196948498 2353441453 1812350992
                                       3619051918 225731082 2313849184 25978996
                                       3797255353 1021510595 3055434531
                                       1225918947 494685361 2297945629
                                       3437381639 4248557496 1963778787
                                       219438477 2959016907 4100338480
                                       2958041589 2023119760 1882331373
                                       1983776669 2359778107 2168499465
                                       3576904745 3542960561 8870538 2734550625
                                       1619458836 2429481003 4020622719
                                       2180740591 2853726313 268665155
                                       1955544822 1363054510 1557170813
                                       3168814996 1313589257 3287499566
                                       193612567 3445547168 426705922
                                       1323313253 3651859227 2927100037
                                       3901466804 1246051657 694218681
                                       580020472 3859578175 3593179758
                                       2517420528 3369136965 3836805788
                                       2749295843 2806469604 92728983 656599802
                                       4038516024 2501904599 720210108
                                       3407159352 3217631595 1403830710
                                       3811121503 500284598 1297783134
                                       1256664938 3155056549 4274809670
                                       2510010145 172051715 3916013227
                                       3289650919 1272486631 886793352
                                       4270724290 3738117557 3010340433
                                       775205536 1642422360 3677666927
                                       1586265285 3996989281 1014357989
                                       1561675652 1165176969 2238084819
                                       1234423639 919669485 2820776636
                                       491747165 818452502 3550930319 599468026
                                       56101385 1066484680 2663871570
                                       2310584538 3028516834 789258198
                                       2427644243 1232859106 2638716483
                                       4264084894 3519903869 1477752973
                                       1821521890 155620368 596548466
                                       2018119727 4026611267 4121148739
                                       3982109686 839036475 2015534116
                                       2154414898 202406068 4115542418
                                       508914073 2063438246 245711191
                                       4155382595 325952757 2747088527
                                       3858652024 3095190200 60268401
                                       1065103514 2210281802 2139204089
                                       649458416 398916652 3577174118
                                       3868946987 380804167 3151530877
                                       849861065 1994430733 3407636730
                                       3700224025 3607200093 834333289
                                       2071633034 2719420305 143463792
                                       334898644 3578748077 3453001214
                                       4248588375 4234287678 2409465761
                                       4284310899 2697675209 1357466321
                                       449799215 4251573632 3491643132
                                       888700520 3191607871 1678661524
                                       2064531523 3455770551 1337024256
                                       3905466375 793100593 256146446
                                       2973078970 3660928432 1351546650
                                       2163688136 842342889 2012075711
                                       1264237688 1251626662 2571073965
                                       2405732093 791882610 2004844529
                                       3671719207 3534937003 4196453347
                                       31777500 507540103 1628565492 3559117566
                                       1892863150 683378839 1976987342
                                       1494595828 492336571 246436595
                                       2759558453 3860228594 670609341
                                       242124681 1229329339 371100692
                                       2423409127 3145545887 1281483061
                                       4082477208 1520708666 746565010
                                       4283240439 2905915425 920304874
                                       1320978160 265774844 3361657766 63532574
                                       2056099074 98178236 1214564952
                                       3557938835 363514892 1751566792
                                       3987254862 2774219311 249392391
                                       2742831006 3199435481 793970562
                                       3494144298 4201856580 2864879498
                                       4229509879 2309141772 3116240241
                                       3260515938 2074037509 1566974961
                                       1471970978 2150010967 843745879
                                       846177661 918792542 614991743 3095942106
                                       4270482474 2308530297 2617199018
                                       2562970578 2035762512 1101380863
                                       3763712784 2747696713 4214173389
                                       2084201311 1358408768 3152585534
                                       2341115282 4113192878 824617905
                                       3015920848 3045458996 461134455
                                       2913528781 3324022081 2973594140
                                       1628974882 2553300927 933396846
                                       1677148748 2472317332 802266877
                                       4154019180 1323305487 911985769
                                       996411549 3301052652 868213209
                                       4225231111 2481120812 1817469668
                                       482971865 226559429 3860091083
                                       2431903926 17398738 2035209277
                                       1532326788 685986573 3702272470
                                       899672561 1943388819 3520706016
                                       370353681 3064055960 2193752491
                                       3216742869 2345211979 967538998
                                       2059048834 418579252 3571139165
                                       2042612429 55607956 1916659546
                                       2144963203 1586298371 2632344533
                                       4025194642 1625778210 2203223278
                                       1876177614 1922593272 1193775650
                                       1174867341 1020861972 3226995738
                                       425125581 1703492030 2044745491
                                       3613130733 2030724439 1905806517
                                       972715461 2110373195 2379258483
                                       2253708130 1020267713 4178087610
                                       3930779491 465397163 4212828167
                                       3694161665 1367284506 4185295870
                                       4238275688 3706250847 2482689809
                                       1244013577 3642231228 1803849947
                                       1696064304 961721001 2366981900
                                       380503536 1657611549 2733121210
                                       3204900346 894286898 1720805026
                                       2936447813 1686728228 1438607469
                                       308132536 434876442 587266414 65426685
                                       2339367673 681366005 767222232 114721046
                                       1441237610 1575907023 1444950398
                                       876378613 521397858 1984509349
                                       3924984384 370711615 3118134180
                                       2119807042 3860799347 176524611
                                       2745308121 1597469565 738564030
                                       1538544127 2479767817 2159625308
                                       894637739 1280089566 120233717 633780142
                                       639905089 4055907871 1676937426
                                       2354329284 1708530194 2751491192
                                       1474287805 3029544268 4224984079
                                       555397583 2846447023 105878973 518723649
                                       3384379624 1263395873 3181960062
                                       224288372 3735768830 50996785 2565677720
                                       3551871063 158708782 1905105198
                                       1421873508 1690052335 3163604476
                                       3929678064 87895600 2691051481
                                       1650271778 2135616123 887144268
                                       788976087 31208705 1545052439 2516360512
                                       2257080049 4036586990 1866646109
                                       4144897079 212400 3331487713 4166154919
                                       1230014724 2356600853 4012619984
                                       2529586492 2711755274 2728422871
                                       3501898367 993519415)))