#S(RANDOM-STATE :STATE #.(MAKE-ARRAY 627 :ELEMENT-TYPE '(UNSIGNED-BYTE 32)
                                     :INITIAL-CONTENTS
                                     '(0 2567483615 591 1316665273 4248341593
                                       1176046749 100760613 3554905979
                                       4136231218 1587974595 438101498
                                       3570372485 3366111654 735284101
                                       2737296388 2711561568 1885986595
                                       2607362215 2833455874 801317304
                                       173532972 3793512594 1620523412
                                       3374826349 2187282876 1280340421
                                       949293891 249507526 1354641509 785451831
                                       3884764805 1752543890 3051429700
                                       3465865242 131034427 3885694944
                                       2720895816 4194698523 3845497345
                                       3836939983 3584034630 2552316735
                                       89846272 947743922 2177594547 761087646
                                       2879849232 3107116767 1749384774
                                       630794042 1675360642 3807908513
                                       212236830 2946068307 725324478
                                       3077017631 1611390219 1438256898
                                       1056880140 1832295432 205944983
                                       2907758162 997537312 4065488900
                                       1685171131 1411668015 2584786708
                                       2515667668 3939805299 1998352357
                                       3340164650 1988921136 843660118
                                       390155984 1004437846 3445655715
                                       781894597 3973849647 2255119520
                                       3088001962 664221014 4021244060
                                       221254875 4006240286 332717576
                                       1447001772 3264717436 1280109462
                                       1919576228 1886190592 1091711078
                                       164705650 192342817 380904105 1053217673
                                       3867238162 3867226605 2701489308
                                       1571307364 3491386651 3324084456
                                       870329394 724846716 2044634013
                                       1358990727 1474833163 3644892993
                                       2864124857 2341179526 2049127539
                                       505455664 1098295870 2496547562
                                       188436637 1011329081 1744433861
                                       1624492278 663868306 1761119067
                                       1476020055 1442729097 1929587967
                                       3816759886 1920024015 276129241
                                       839507136 2814193377 1930266995
                                       4057592429 2441688665 2647768824
                                       2446981992 2876458371 4112243843
                                       3295753163 2396863435 1184877814
                                       2362808927 371000924 1429140910
                                       3243238891 1064102586 888616771
                                       2897630180 3118244404 3654230013
                                       2492614536 1928025929 503055526
                                       256327491 3547349945 1039902742
                                       2878233456 920206903 3458191739
                                       4062346206 4223684892 1459937493
                                       1302340720 1133222704 1688104809
                                       3368849641 2904903024 1183461248
                                       1942436140 2556806149 1751157190
                                       3646315242 3411967072 2007386340
                                       1001877420 978512233 1840246056 29291510
                                       1042494522 2323571931 249875908
                                       1165869823 1844234194 3947112256
                                       1094740368 4220993539 2975360682
                                       2518467891 1884749264 3351286541
                                       1792610476 2426588992 1294497118
                                       1508027675 1001404303 2812512095
                                       3100113926 238100446 2605378401
                                       1443326508 926401106 2850195547
                                       197400760 534634812 2563532933
                                       3074018861 2139303367 2079384623
                                       1015739336 881612014 3507514136
                                       2717599119 3268802069 2429248003
                                       3458157037 3236502096 623526007
                                       2855485706 2216166409 3817630140
                                       905630570 3123111299 1539694063
                                       4141565954 1822962678 3924593715
                                       2420468499 2051523711 141385899
                                       1276068926 3774682738 896924731
                                       442843228 3872478171 1301796966
                                       1730788652 3260472763 2092193559
                                       2616795888 3018210590 2298390671
                                       610629881 3580426057 1966906887
                                       4282482345 904413695 3005922459
                                       970089456 2900984956 448109673
                                       3382090656 64415027 1381042455 864880444
                                       2376707287 3207330946 3979431848
                                       2935057475 1069327020 1540245360
                                       836730049 1805434424 1202841289
                                       442122585 4134321110 2006802022
                                       3707931482 3522216159 1270333464
                                       1818557147 2465066259 3628016565
                                       2594084733 2945967828 2291681787
                                       1698865368 4156106047 3095712773
                                       494191505 1981000928 3680888819
                                       2505854957 489708699 2210056230
                                       1627210596 3938067557 68843709
                                       2478731713 1116688646 3654751739
                                       1908802593 3430674974 1723837058
                                       412572089 4019706938 3685813845
                                       1151862021 1688544487 2487974384
                                       568073215 1855910179 4153091591
                                       2789162997 3888916656 4286650213
                                       1199999253 4204166501 1057982159
                                       12432553 2440134181 4099310613 85579934
                                       28441652 2632214493 1427222559 89714891
                                       22641877 2287708585 429988554 2652964443
                                       2749902082 534316482 2678561123
                                       3662789720 1163739245 3196623257
                                       3985882481 380492683 3165045309
                                       1972500578 1965540135 2131770984
                                       2190106458 3739943827 2271186160
                                       634411742 2598002365 940999769
                                       2637555727 735706284 4112893195
                                       2965322805 4235594167 3020407078
                                       465550045 4254351252 2734647152
                                       296181389 412225165 2965935076
                                       3477922822 1045471369 1725968047
                                       201106090 3609615141 1728326025
                                       3971055802 1053857060 3089076429
                                       3097961884 1149990697 732442742
                                       1896784780 1377126254 1090227049
                                       2402509565 2097541379 1996158453
                                       3102816448 3833870358 3842334872
                                       2466277500 1610957296 611756885
                                       1224433824 1074388174 1638216646
                                       2175566330 1850014946 2432064308
                                       2203425621 3502837287 2787169212
                                       3720530001 1344855577 2304154628
                                       1218847074 1462535760 2875238066
                                       633555638 3896963956 35800688 1197164364
                                       1387906060 1166494063 2088883367
                                       3474009235 2944103620 1951612587
                                       2624017225 2886006176 437884268
                                       2269518583 549108676 269098519
                                       1815015709 2540745472 1976965211
                                       600713496 1014460746 2746433503
                                       969671742 4277133533 3080178408
                                       4028881249 1337356878 4113694797
                                       635416167 3884784213 256716755 166640342
                                       62140909 3017122015 634817755 3113836368
                                       47823337 2667959321 1628906062 252288441
                                       855367847 954573287 4188571398
                                       4091181656 4145694644 3651303213
                                       2419397697 2604113118 323101737
                                       3240254317 3959431215 2715011290
                                       3931611137 628514150 2803200379
                                       3287385431 713169830 1375820643
                                       205645614 1004008923 1903199727
                                       1681814457 2493722909 3522138075
                                       2942454412 253092144 1907570094
                                       3089919045 1515899163 2224238388
                                       864110626 2903566056 3291480796
                                       3008147992 944408758 485575507
                                       2113815669 1562555388 1018876971
                                       463823294 1544565279 1772571075
                                       2767175848 2849434460 2559451774
                                       2650711430 1392190444 21897065
                                       2488440479 3675749316 2327125970
                                       806059332 3727876989 3712339474
                                       211137427 3570052717 2187857635
                                       3797392817 1647275521 3658183111
                                       1510533258 831124486 3737581196
                                       2554445830 2569240246 2072846581
                                       1840586569 3744762515 1510409127
                                       1919858977 2440570233 3351614496
                                       3012529605 4195453627 1592737686
                                       4246776051 1234304438 744904936
                                       309021056 2795283722 2314895582
                                       1143273122 2713749899 1164713939
                                       1370440316 2875822154 3565882238
                                       2424373135 2599535336 3689503861
                                       3826100334 2857437515 2635826318
                                       3112286427 3638578539 2253369166
                                       853975182 2671783050 730289923
                                       1125266055 1064149578 1793324872
                                       3070431654 797569195 2841134512
                                       3010555587 1097354561 802783368
                                       1871791710 3090684293 2959317828
                                       2380503430 2745064846 3055360196
                                       1343289172 883608859 402697546
                                       3474559310 1395367004 793215953
                                       618055496 2143662366 228376641 838649422
                                       2604943186 634501937 4274670712
                                       3050915113 3405420016 2979449320
                                       1035472266 2902153167 1132421896
                                       125375619 3762593606 646092699
                                       1449748988 2323862608 2119358764
                                       1746129709 661017287 3577374331
                                       2293564011 3042511659 1268425056
                                       2894267188 1047900031 1774469564
                                       1633000487 2987928197 2813206702
                                       1631543272 2949099017 3988460385
                                       3424706344 3055302882 3689222683
                                       4020124501 4059306266 2257720522
                                       2607605390 3546891593 1528313330
                                       3859013997 2518935637 374250854
                                       2713161898 2931320304 3108753819
                                       1560225103 23741080 415990641 4186527778
                                       3648537084 3533269738 1822014398
                                       2290865559 4027555875 3245144046
                                       1049969692 4180314678 1254142112
                                       2010018348 1361899508 1501622426
                                       2101662205 1871122852 3078406962
                                       968716895 378620973 2447201607
                                       2208913148 2735918585 556150739
                                       1818540891 4203546840 2813501294
                                       4202802771 1164815694 2065420018
                                       222495744 3733934279)))