#S(RANDOM-STATE :STATE #.(MAKE-ARRAY 627 :ELEMENT-TYPE '(UNSIGNED-BYTE 32)
                                     :INITIAL-CONTENTS
                                     '(0 2567483615 77 3857155504 4293537732
                                       2023502062 3017325149 3528597418
                                       3341242023 1174106459 1531584444
                                       3810038361 2817437601 2393634263
                                       389501750 511408693 3831693521
                                       2902754303 149406103 3726048896
                                       2241078357 4279266157 3932928136
                                       1490289099 1939380867 1327035987
                                       2098801720 2769242035 1430222877
                                       1569678137 2623455390 1379692843
                                       834519947 1843425440 1117370798
                                       2016706894 3200134635 3975094814
                                       1697709528 2123957163 2336649479
                                       1724233464 3071315941 3087060755
                                       2926792612 2032317448 2325935588
                                       3435926959 2307113442 4173879777
                                       2930951050 1481155484 3224978018
                                       2650806029 621410719 2842072703
                                       3705740241 4184837239 1761972857
                                       726685276 2633891827 2652650144
                                       3383402179 14194629 513239261 3029889329
                                       1762383777 1366424745 2758736936
                                       807129624 4159129405 449246315
                                       2016726909 3260312058 1125326624
                                       4234856021 3051084444 1926103646
                                       1576785082 4229873096 2170738061
                                       954696824 2186126850 3379025977
                                       1596926909 1706523549 1732256818
                                       3683100854 1195665659 2029558916
                                       2057896851 2338267553 764538148
                                       858058953 175432983 3717042782
                                       1406831994 3444977469 702819028
                                       1836376861 3862393548 350014307 37434774
                                       4203750059 2868031343 282470707
                                       613275380 3402326054 3909700828
                                       1340593648 1403005570 4003871383
                                       677092840 1849884138 4044654225
                                       1299266100 60418112 1664146996 824332727
                                       2826032823 2703654537 3232762077
                                       878187288 1128640496 3310145842
                                       2945146889 3874682662 813571657
                                       2715587559 863710140 730998887
                                       2270062945 1623940004 2522127079
                                       2975309342 73724858 3554721519
                                       3099916886 4256267883 3559795411
                                       3591989214 721372757 1734865544
                                       1961601823 2966203188 2978318592
                                       110929370 112866424 2370094901
                                       3103212682 335447820 1655681076
                                       627637387 885386213 3544567650
                                       1637387891 1403490300 13368484
                                       2133851728 3525970633 3008032583
                                       1058803305 3507260206 1265054845
                                       1051652901 2172116790 4179519465
                                       3545439161 1104086365 2147845915
                                       2772170897 3838315885 178841956
                                       1859817762 2069271594 122466976
                                       3807862965 4278862565 359252019
                                       1053489189 364577167 1809616918
                                       553065575 3755648297 3268469052
                                       1121023259 1439941168 4271887098
                                       3897469663 4105620788 1125641157
                                       4157127996 4218886506 1774817956
                                       477131997 3761787457 1402447183
                                       3395801291 3394024481 1448528972
                                       2521809479 1761953471 1681737938
                                       2908031565 3220990943 4272524527
                                       826181645 3853498753 1722280236
                                       1917587412 3690195959 3165861920
                                       691887627 4047955792 1389878961
                                       2407465620 653988001 3574869711
                                       2505517908 2061425627 2475628675
                                       2204194557 3974505926 2713782958
                                       3955659468 1645723494 2469180368
                                       2289314223 1207209205 1433897152
                                       1219502651 3002901775 1986301213
                                       112692427 3052550275 4278595092
                                       171566665 1492333598 3382398151
                                       2097952932 1173462882 954726634
                                       976544371 1858985512 266184919
                                       4223435786 247332418 1779572267
                                       1408513632 3680565434 2670366726
                                       1272853261 3968491184 172907615
                                       746216587 2099068401 1743682237
                                       1842545462 1210736643 1389802161
                                       2071130367 3634661451 279157816
                                       3856850592 3637117337 2382659836
                                       1381561934 4043430658 1954488086
                                       2571170440 2994419770 3158049891
                                       722668120 3379991399 2638096429
                                       3957967792 103714337 3865746234
                                       2663424615 2674975495 2270619216
                                       1480593047 3870078075 4195992724
                                       2788452824 3163158607 1015538008
                                       3206891563 767190458 781309248
                                       1101294095 3425530923 671878247
                                       3543897441 2370939716 2280720177
                                       1400185445 3811673760 651833195
                                       3963168820 3188865917 2325943329
                                       2533297301 2412297288 2711145762
                                       828721287 546383789 3925692686
                                       2372920924 3132309428 2730289340
                                       2487198917 3976796347 664957605
                                       1656217985 1225280714 1606008064
                                       1062880051 387800062 2021204983
                                       3542722477 2329108072 2113095181
                                       2636291742 1021807711 2043138199
                                       1843260880 2286773749 843759717
                                       2481213239 2928744925 1348674954
                                       2935716794 3057723422 1801331700
                                       3599888383 1429471473 3791952696
                                       1694409256 1405918606 1859082289
                                       1825700742 2603628 585053993 460978754
                                       4270898264 189448342 2964798845
                                       1547003826 2285931598 211599974
                                       3770631875 4109533509 1446907409
                                       3641168604 922481054 3401068217
                                       2636320632 2205875144 4113883462
                                       1654454263 198925799 48028847 447301406
                                       3881713411 3163710527 4205933206
                                       1508583598 3337260232 1898366114
                                       1000414414 726191383 1642614909
                                       3956443420 477554321 1794973155
                                       2690598208 3177409155 4193674622
                                       2462762914 253429284 10105834 3602456065
                                       3119366151 3000456661 3325855828
                                       1471532482 1618959348 160746304
                                       2535073719 4202986863 3020156631
                                       3136940457 2013990731 2771186851
                                       2666945200 2942456478 3948988101
                                       2313139380 1479111657 1629131844
                                       436108902 2000592856 3761056497
                                       1870728936 3392987011 69113674
                                       2261290946 379907126 2135324937
                                       449635894 3743501095 676978456
                                       4026933047 909410544 2862763441
                                       1761774392 4190844192 3187048732
                                       370076323 1778742342 3124159283
                                       158629539 1512222853 1849963353
                                       2471107272 576778967 2397124377
                                       1995641234 1678048101 1685854759
                                       1851004765 1731651024 869524103
                                       731631639 2014461491 966533220
                                       1493142954 2545619198 647217770
                                       109668257 3031813178 4284846179
                                       3619734179 1263249336 1568055590
                                       74669510 2380243602 2858777631
                                       4148416867 2844051582 4094489094
                                       850156373 3080707273 3942411931
                                       2109166969 2859751340 174625310
                                       3861478303 24258729 1031249013 158434241
                                       665024808 1468204034 3972912782
                                       3214746471 3077394541 3595012216
                                       1030630834 1385737229 3231096289
                                       1955460718 1808518910 4253658038
                                       1615503742 3482314629 1816455145
                                       4256500891 617858046 3558620137
                                       2975975664 2795044929 1566729743
                                       1099399073 1309211263 3601970658
                                       3568098930 3321195047 195909228
                                       2081600656 1250996864 454336771
                                       1438105020 612870228 2150259370
                                       3220021274 3398716658 709738079
                                       2403730871 2897360658 1024075449
                                       2857826502 3973897549 2690287235
                                       3511965650 1897849667 19958804 394002903
                                       199760482 2831452817 4264517702
                                       1348563445 2655465480 441087642
                                       974781656 1548321248 1993590064
                                       745126530 2849822224 1265654888 85146921
                                       2018356203 440012150 3749698759
                                       2833544168 999223742 1846550876
                                       850697081 439022287 2082109973
                                       3832780825 2747596243 2329150567
                                       1327625206 2749545244 1555214090
                                       675668340 3805194655 1649919289
                                       464588682 3040527123 623099844
                                       1683016353 3938286924 2303560923
                                       747809612 4234934723 641549569
                                       3153378075 3147671739 3454983682
                                       1082766386 3332283810 939006831
                                       794991911 2657802750 1054098510
                                       3548629558 1240088859 639397274
                                       969726747 3095236944 3322013536
                                       4269431070 2426045756 2887703462
                                       470442390 864738850 104865629 4061282048
                                       2440811172 3967557555 1557305859
                                       1754561075 355660877 2594468634
                                       3480819875 2129898759 2364334004
                                       1089016339 2440998174 1711262107
                                       1737849489 2956870108 3841565991
                                       2995642536 1843470792 244435770
                                       767940748 2215810682 3717755752
                                       3786099438 4276228657 2137241629
                                       380751088 1533988068 3555160071
                                       1629804005 2448780274 1759107002
                                       495948987 3084026244 4061709551
                                       3349442798 2715778487 1806963625
                                       2438569420 4214382182 1699298123
                                       4241252123 1041877921 3577698465
                                       2501225726 1619244853 949785380
                                       1097714258 3601747649 2168533149
                                       4060611009 2816363089 2174982905
                                       1409459642 1884909891 3582185546
                                       1989381878 3397940975 1792717105)))