#S(RANDOM-STATE :STATE #.(MAKE-ARRAY 627 :ELEMENT-TYPE '(UNSIGNED-BYTE 32)
                                     :INITIAL-CONTENTS
                                     '(0 2567483615 591 4022844467 1807221540
                                       1540637823 3996897765 728960374
                                       539358347 771314695 2006056199
                                       1985094124 548231194 44559615 1282204013
                                       35353531 774984920 1840722812 1203911005
                                       163361924 717210025 827481177 289988422
                                       891076579 2751313797 3952922696
                                       3976601081 860531643 861487465
                                       2383461727 1086749259 461928506
                                       4229413755 3433922450 1916483553
                                       3068468904 3382521582 508511839
                                       3501871528 429654295 2586634980
                                       2141236652 1082884300 522251705
                                       2843135224 3389169690 1889108975
                                       1538400651 3824207120 1882174344
                                       804324893 1279285616 2065663268
                                       2897565906 2210493658 232871521
                                       3386225355 521955036 552673577 649626919
                                       507500688 3013710947 2814548816
                                       3088529289 563794085 2000982867
                                       1951043313 443092469 2999130751
                                       1723902845 946540035 264992739
                                       2607564702 2143678952 2879347657
                                       3581843180 882259221 2300646567
                                       407269039 125213992 1190708774
                                       1063895083 3203454157 620872642
                                       2908014437 2728748131 3146626095
                                       181547369 1290630188 2561801490 47516305
                                       247836249 1034191735 430256746 156647646
                                       3189952926 2236868890 4135947214
                                       3854993673 507416852 2631406859
                                       2737915255 562458724 3749471327
                                       2311377025 1322619901 1116064225
                                       556764071 1170882983 2006005001
                                       3700466420 968235549 2478264114
                                       2156078246 778509318 4171532811
                                       1418069716 477582203 991718852
                                       3377023220 3413508375 837282430
                                       2833798678 671643049 4086102279
                                       821021851 3581817373 1344900704
                                       1950642344 1434381403 3843920735
                                       1991835542 3962079808 1815522922
                                       2223653432 19536720 597401392 1991574106
                                       2079870684 2182181913 874625486
                                       2404592508 2246629124 1713888029
                                       3844379616 2465425837 1489912459
                                       2144292751 2349776348 1307727776
                                       1502499148 4279071008 3973532601
                                       4102328881 3980977115 2750876111
                                       1367838169 2263243560 2232488347
                                       893503712 1653163905 3614241402
                                       3007477368 1978710170 3773762293
                                       3405904341 2217487249 2672069255
                                       2852252242 2041755809 886590763
                                       2895784034 3554521646 1561332548
                                       1019983777 2471713467 4065023396
                                       3228776587 3396037211 4109764490
                                       4035350262 4111548722 1161779663
                                       572078946 3304914081 2429646323
                                       3724699475 4257880069 4290551328
                                       303231983 214366896 736877197 3449858120
                                       626441531 853468720 3051328651 875925049
                                       3313339625 2925074642 1168567406
                                       774531159 464008061 918386521 3895159637
                                       3255848109 3181348307 425195906
                                       3823699391 2775686844 1923729150
                                       3248922511 3658835005 626555163
                                       2042881604 1536866335 3159461278
                                       3830773946 1357452860 1528683115
                                       3653675175 3009117702 931312153
                                       591611622 1692766910 4104345907
                                       2565764576 1051778643 688765306
                                       2838193128 3787754855 3815892250
                                       630962067 3251668759 301864033
                                       1670007203 1085310601 310319768
                                       1647419397 1082115903 2615557338
                                       2460971463 2766559993 1272794937
                                       2829969640 3784576390 2692214908
                                       3801819574 3991843778 1416421 2190260224
                                       4053354191 1143221398 3091212100
                                       3131093851 776610313 2328794325
                                       3580344327 1838844184 284715715
                                       4105051521 4045137572 2052275039
                                       3078270117 1033653220 2076518248
                                       525522404 3571944093 1680082817
                                       3632014870 3337709637 3545887679
                                       2261999450 1965377563 2647965090
                                       677574210 3593317600 1331826985
                                       1819475825 3657208278 2409880077
                                       2018845473 3934503657 1850850487
                                       2342289400 608055106 3382028752
                                       958925304 2791068508 812882741
                                       1177254518 3826411520 859762376
                                       883864323 776338965 1178516192 221437730
                                       42884347 466488794 1929092725 1475041857
                                       2139544750 3442578951 4066537623
                                       2272633173 2914392062 3581325503
                                       3138366142 3412016821 2124122608
                                       376794561 2110107893 152318800
                                       3579140836 2216948017 3304818428
                                       4250513615 3408050629 3916798772
                                       1156841313 2063142412 4125135140
                                       1242844536 3649647565 4022489096
                                       1512718208 2718815797 3876480086
                                       2251703845 213160265 500438908
                                       3485214535 406304908 2669125585
                                       1508856896 591902204 1635697009
                                       2702070125 1841694268 3796326360
                                       851067858 3918682073 2771915045
                                       2755454102 2393639111 1263339136
                                       2011356379 2225569169 2267023515
                                       1261376912 3731525478 1283591808
                                       292448542 1384822275 86031838 4130431075
                                       1054591912 1945229471 1969610276
                                       2792392801 2220178685 4082669712
                                       3247151142 2710286147 1423825931
                                       3460542512 460219639 4006910565
                                       3512084972 112703568 2823861072
                                       1457441957 3293312681 891015857
                                       3884434372 3634354373 633184125
                                       3250290365 52411955 3649307285
                                       2999700959 902666779 3824609372
                                       2923207739 485263263 3926664537
                                       3013226282 1136345474 1681428435
                                       4152663074 3096201460 4025706253
                                       3475632799 151013751 2481975791
                                       234161045 1444245442 3364862698
                                       521832591 360811526 547290329 570898901
                                       3304865111 2324937317 2507414801
                                       3365675910 675666194 4120029209
                                       1343572941 1749696352 480906508
                                       1107651453 135179750 4242110525
                                       3142745959 2179047692 1905371740
                                       2230739181 2311468117 3745358585
                                       1197242638 1985075339 1341553552
                                       3318007688 906391914 3802264874
                                       591957272 2389560599 1423917848
                                       3878692401 2446223662 3311002302
                                       3769324407 2302326477 2110125785
                                       96137441 1937487048 3022114973 209880656
                                       3327928850 516036323 3233913557
                                       3985181895 3531551352 4041356743
                                       1024303642 1001498910 2938604626
                                       1221449762 707683199 3514464044
                                       3528320149 1921285319 346113835
                                       1272760442 2163902152 3740180124
                                       131833567 742494833 3689256373
                                       3163478046 3543698440 1201288961
                                       2700790851 3974702904 1839330091
                                       3342475292 3933284573 1106678618
                                       1520958728 2748243459 498715317
                                       370016978 1172144964 2988604624
                                       678758571 2974358745 2285634868
                                       356582145 1606550563 3563302074
                                       359043848 1994671212 1232468022
                                       1012677645 3592900973 1458003573
                                       1276820303 1209258551 3466925984
                                       4149725905 2161329891 958913636
                                       4079965180 2678120435 302136288
                                       2821666106 519232133 3861574009
                                       108956744 2940518176 1515294137
                                       1964715897 796737852 1195107606
                                       2867600523 1685130925 3873007 4056075711
                                       4290892131 1042753152 1845718905
                                       381246039 51553822 4274065041 3595375331
                                       1788353277 912969560 2900226662
                                       3581626005 2752103637 3844559712
                                       645276567 3139757401 203353227
                                       3424373984 2358591357 3193485383
                                       71133654 1436937113 3441505751
                                       2143712670 1485917737 2047636524
                                       819026592 316505087 215953159 3920830759
                                       3647905857 3832615435 3235946305
                                       2123817489 539816781 3628396544
                                       3479883371 2530828670 4060303914
                                       882482373 1076780246 1179691041
                                       1060187983 3502701511 428826881
                                       2228102318 1120404476 1577875000
                                       51643769 1045939584 1315031898 199744430
                                       1945207478 1217475818 1505769053
                                       44017030 3230674800 1334571975 701052458
                                       1707830292 1121684890 1890931328
                                       491146015 3480052638 1536270488
                                       1510233266 1050446089 2504604231
                                       1405280267 2404341471 3648944374
                                       2244202135 79729532 1902961262 568628848
                                       3782534366 4127142738 3847239967
                                       2064586441 4266300993 979087895
                                       2529567493 2917421084 4152367142
                                       2139884151 1944496195 2222088613
                                       117454442 2232522293 2381616410
                                       1198125709 1508295257 3293971819
                                       3238254243 2109324183 3780780056
                                       2828702034 1437784398 3169202799
                                       1984322527 2200772029 2429993813
                                       1957152006 3476184337 1802301985
                                       2840555214 698883202 2723188542
                                       1707451325 3528672730 2334950369
                                       1647740217 3863938336 1866301737
                                       2212191385 2006731916 598573678
                                       1786327603 468257223 2390069791)))