#S(RANDOM-STATE :STATE #.(MAKE-ARRAY 627 :ELEMENT-TYPE '(UNSIGNED-BYTE 32)
                                     :INITIAL-CONTENTS
                                     '(0 2567483615 555 1499421094 126882974
                                       3819282149 4054493458 1565841754
                                       2777038997 3746421160 3382034100
                                       1143250445 3851929877 499860237
                                       3136931394 35968971 3283102641 758691270
                                       973614122 632056215 1666527 599627307
                                       710625064 450330700 2403305896
                                       2435464378 3940885708 4190435551
                                       2866587526 2696661639 1943410632
                                       4009401787 1745560216 1331121087
                                       2339046211 2962537628 528723230
                                       673210140 2446478051 75003160 343961266
                                       1515349087 2045596363 3512148954
                                       1255002670 2606033483 3367822632
                                       827638535 3966634876 3733732672
                                       2610781297 3292106384 1433714544
                                       1710948711 163213300 4105404071
                                       602990486 2958241145 2734972481
                                       2698863912 434027108 682166219 417568642
                                       3879044098 2445395976 2693270970
                                       3664739994 729119013 1541695071
                                       3162057466 457317109 2061501844
                                       2031204087 2383897188 1904300504
                                       1141813435 748766630 1025036560
                                       1385422588 3497851233 3613720470
                                       536120904 1445916550 918528695
                                       1728633002 1363777701 2146864741
                                       1897041644 1735775851 3753446462
                                       3003169651 3503803366 2687248624
                                       3912164771 1954217979 2431780504
                                       2685476515 3383306150 2831729897
                                       936224540 3882039520 510443764
                                       2933808988 4150392393 2672240340
                                       2101058698 483462472 3060521550
                                       2012101994 2063510514 1993429574
                                       1583192030 1852666970 1591739187
                                       2152522856 2099908122 3430873407
                                       1738397012 1070358471 2122041769
                                       124513440 1364092854 1049180241
                                       2253647986 2502252903 2333736690
                                       3808511741 2860818533 1523807741
                                       1841910407 256387904 2284055927
                                       1419899291 3178270394 3646153273
                                       1492836937 3280003404 3510327973
                                       455726670 2608445908 1856344045
                                       2426808014 2871265799 1855963916
                                       2382756555 1317575704 3206132836
                                       816278150 1608553289 498986060
                                       2147163899 1152473935 2481933815
                                       364044883 2139630037 832346020
                                       3017775735 2718733848 251884445
                                       856565445 2731639843 1383038318
                                       4012741819 3985643425 2060019164
                                       3288401881 591021354 573809067
                                       3598425523 987505796 1683237661
                                       3053074837 1077781902 420089485
                                       2270043099 2162977880 2293385155
                                       1690296617 3184010898 283267287
                                       2622885885 2629694675 1225944479
                                       2695549694 3133264708 1662245610
                                       256540091 2481445056 2434399015
                                       2072329578 2833932353 3383403237
                                       854426779 4187436867 3589583345
                                       3825515980 2223372519 2832918725
                                       883060955 187784115 784545146 1224203621
                                       2541743572 2420342379 1738291388
                                       2535597037 310129203 1109294814
                                       3071347556 2101833836 1919209990
                                       3923159422 1291981591 815278857
                                       3921822489 1798490045 206040797
                                       195318943 2404421126 3672632247
                                       3490507309 3176647284 886054612
                                       3976273653 60174982 2429819785 580193991
                                       3667783018 1031484551 103059417
                                       2178779997 2383220200 1626509880
                                       2321870434 1379196982 2405342412
                                       2680712940 2643433317 1102650204
                                       738289714 1394922662 1498747338
                                       4173957914 603336091 1410979166
                                       3079235633 1773732526 1181023148
                                       2438349294 3882763013 2328915226
                                       861858583 4183473329 2554922352
                                       107462631 793282326 1104062067
                                       2650589047 3237907478 3102539401
                                       3354605704 2589189539 2466270059
                                       1970354162 2001050087 2089145097
                                       2023248408 1964450945 2139143604
                                       4036308183 72039159 136904578 1258760377
                                       2391272779 1462394072 1389139166
                                       3155351174 1005785534 1704608552
                                       546356632 1469632640 1644417170
                                       1720077902 3834692189 2806574632
                                       179905059 1903415558 2294155702
                                       1122048007 2384590180 3236399164
                                       2957816522 821627493 2369291545
                                       3618369611 1439032468 2933148540
                                       1232146776 768174747 12239458 2197175180
                                       1476820941 3659224251 2432176691
                                       997031546 3029125374 3163622258
                                       336944688 766901234 960558869 3018797467
                                       4273620349 2067555186 3521169531
                                       1287666976 1112047433 807216112
                                       2588465596 948621894 1091104991
                                       301221804 2161571189 53955370 2880245197
                                       507848505 2092470943 905283723 465087256
                                       1397863315 626166287 2952097510
                                       812603690 3640305405 4254858460
                                       3519283330 1910402117 1020931760
                                       459835587 3512401012 525326599
                                       3620387123 2806947693 3777013744
                                       1922360942 3326198723 2193711672
                                       1127187972 4194513184 1212215567
                                       1231950128 3296383629 3662584038
                                       1175569030 1079670621 1096460135
                                       3685441840 318790713 508114159
                                       2345545422 1773244942 2550450336
                                       3733979386 1530438437 3867904310
                                       4072683892 4195662243 1225669605
                                       1406598956 2708657617 1631529817
                                       2812587092 3430824600 3387231368
                                       285069569 1303554477 1671601823
                                       3919882574 949220174 334757876
                                       2237821769 321322776 2425613136
                                       2489061065 1883117853 664485163
                                       2082340605 3687169842 2765454048
                                       180381416 473852772 1513558145
                                       4184084698 945805251 1086799551
                                       1736041683 3011494719 3151323859
                                       2660480012 2957713399 1442766251
                                       3065501619 2484482909 1784087548
                                       4239975839 1742328636 1733585977
                                       2522924962 68555494 1761059854
                                       4068037489 1640592751 4055732659
                                       3365516053 225676995 894527487
                                       3313311432 324027358 743250161
                                       2882594119 1334151521 677920012
                                       1786383400 3361310206 2098377615
                                       1212051705 3822443305 261783727
                                       1904751752 2009071537 3805108180
                                       2394628840 1562290052 19849983
                                       3137280777 100312725 2837284429
                                       1489862479 1538539618 1693110543
                                       55131192 4201293505 2150081209
                                       1258009660 1869791516 4052853901
                                       810763112 880808599 3156754219
                                       1602014673 3512174021 925399154
                                       2395374371 1859557529 2775305425
                                       493623256 3635976708 1451819579
                                       1522566990 3733878867 2126932100
                                       588390572 4103670872 1709276657 30107228
                                       4205649240 282909312 1169015103
                                       867285093 2975900022 1397894918
                                       2885681664 456705211 1178294561
                                       415104876 922197169 2210966344
                                       3356047130 2133740074 3697186925
                                       2854952465 3727484315 3266106802
                                       2472344132 1678258792 1862340372
                                       937382689 1295748186 3718051136
                                       2578980942 1980194648 1201892591
                                       2203434204 1231995883 1632311548
                                       2644692041 4075090077 831391689
                                       1779251069 2677540185 341648293
                                       613932913 1594372392 3770821602
                                       2851850753 2984710167 3311444052
                                       3826648143 729934577 1784719736
                                       741968669 964199528 1010104796
                                       2157964419 2450240520 3563139307
                                       3123571562 1259252326 3376898098
                                       1878099394 2198790874 418723525
                                       3816090094 1676612500 3764644126
                                       392474961 746740026 2941762070 583743574
                                       1220623460 2061845438 3178125381
                                       753540449 409493652 509511760 3459568473
                                       4245591330 3065666887 1664400798
                                       2640980343 3469138180 806707431
                                       2060719546 2469853165 3318235789
                                       466070656 1477023915 3473820233
                                       605949373 49357734 836303241 2308321314
                                       448033404 191858277 2732187206
                                       3377409175 2822584873 3972692935
                                       1490361840 3166557618 3437998688
                                       3694442233 2104195066 2211717848
                                       4175027501 83014715 36372318 699292297
                                       240628815 1666651362 1327554880 71711231
                                       1703192121 1625015383 2181550020
                                       943921629 3015812138 2291700015
                                       556471067 3511222982 1225908711
                                       2005431325 1087563251 3406799692
                                       3859839867 160292998 1150933976
                                       1477081845 3225163657 2530835519
                                       1053120689 2679874960 260501480
                                       3953270555 1115081164 151959476
                                       366031437 3232404899 451883908
                                       3457087616 2060939588 3890378418
                                       269471451 1024060210 527429187
                                       2535613331 638625933 4117847003
                                       2743857672 3634809059 3213212375
                                       231630372 2209334747 1017174032
                                       4158936657 2124090270 292501663
                                       3585854630 2888858940 1650504611
                                       1243084280 66028352 3958462618
                                       2373345090 4009982035 3253089407
                                       1986547000 961638776)))