#S(RANDOM-STATE :STATE #.(MAKE-ARRAY 627 :ELEMENT-TYPE '(UNSIGNED-BYTE 32)
                                     :INITIAL-CONTENTS
                                     '(0 2567483615 91 1436113698 1079207816
                                       2568655958 2562405076 1857284691
                                       3482391178 4008079242 2322648960
                                       2237289566 3362826742 2276871685
                                       850710512 229538530 2150319626
                                       4001754788 708321115 1684572155
                                       2843265665 3134285642 1292622810
                                       3204618735 807443000 3829690815
                                       1392789358 156785650 440623738
                                       2506470116 3254178797 2256023524
                                       3422592010 389290682 1653897995
                                       1850215411 1164288844 3970480041
                                       2060660775 2813382265 2295543342
                                       1825047230 768532041 1847321617
                                       630538772 2927406359 2717932879
                                       579731075 2206033160 3155899995
                                       3683242607 119087240 777960731
                                       3741433360 2053308717 3803795376
                                       906828882 3818568933 4174206634
                                       2942875409 2380098839 1020394405
                                       1205312758 2551936529 2791398293
                                       971252000 865648879 2181023372
                                       3976777508 1209897100 2061230017
                                       3885241312 3969901406 2141918411
                                       3017072772 3331967000 880853345
                                       3266320164 3670718670 51595695
                                       2356994770 1807773834 3968337133
                                       4171796609 960573100 3186389229
                                       2890625878 2497035375 1167568863
                                       2373788027 1581572370 1377325693
                                       3945156866 2451467573 1222636484
                                       1165121376 1196085473 2396829121
                                       1904197781 2068225602 1104719153
                                       242652088 657231825 2929357859 790636340
                                       2550645523 3360612502 3532897451
                                       4193488891 2155740524 2518185945
                                       208740693 1391151390 326949405
                                       1627869312 1195655986 2858039659
                                       2119933993 3518623306 4205400352
                                       102428037 699476345 4163255493
                                       3136490394 11387588 1613217987
                                       2569656636 1665837753 2385344779
                                       3500533204 1009365811 320330722
                                       4052782151 3046361768 2519633713
                                       315289067 3529397434 2713153417
                                       205955803 3762206981 1964186221
                                       1323173014 3296342107 2226783083
                                       3641707006 495645898 2663040655
                                       734959486 1428070974 1283756045
                                       1724911857 2503184022 3201117044
                                       3616449986 2524789621 3219573005
                                       1815835499 3431551745 3588089323
                                       2392210258 1782135482 2873038760
                                       4091296230 1088220792 2474728347
                                       3235728323 1446216401 1758182119
                                       1539945193 1539710014 1507427947
                                       1914482403 1376557206 854122807
                                       3217442720 1347675541 298520502
                                       2272901913 1400143862 3313967974
                                       3463637517 361903970 3001896028
                                       3334098949 1515296189 134239789
                                       2448014597 3551516833 1805649086
                                       1180692268 3571305089 1406679384
                                       2450918562 4119029959 253342146
                                       2164756428 3897040380 3043462666
                                       48538912 1519236793 3780124721
                                       2709122602 1607450667 4130900870
                                       3038755011 3401523779 1283059805
                                       1437310349 375950319 1523516541
                                       386165134 1619285418 936629678 173118874
                                       2758466058 864485934 2398135154
                                       3797560113 1277710817 468468140
                                       4270199563 66120148 2091761152
                                       3130174941 482874639 3218221266
                                       2015959358 1720961305 1590687913
                                       1782652259 937394391 3018973637
                                       1528205542 2263037590 2090478184
                                       1902439564 1266838538 4138627166
                                       3624493229 3045433685 2000178551
                                       3519466865 191435826 783568687
                                       1001459537 1117082418 1946570881
                                       2901353759 3011145436 640720642
                                       3520436416 3360277804 2923858178
                                       3263837398 836221239 3391035510
                                       1461044746 4075237381 912235901
                                       3109975925 1315863947 3908169605
                                       2546394318 1789799783 1960973311
                                       780841940 840875997 1488321939
                                       2002556916 1039374353 2354488292
                                       2909270397 1239260355 3955455097
                                       992999583 3686902314 1651171148
                                       3543940874 1299053638 3449325630
                                       707849131 3806414011 3089518 1074309955
                                       2917154635 1135022912 1258456461
                                       482578326 930390923 4222669364
                                       1870788841 3400622620 644063793
                                       3222751791 2895050451 3030355713
                                       1847278725 1091088847 4191909707
                                       2988412545 4223991358 2706329819
                                       307306143 1550128558 1746670175
                                       1635808736 303933042 1779373008
                                       3858917984 3414722206 4078789100
                                       1371805429 696773946 52206478 2472125070
                                       1706327058 2521894415 1694253964
                                       3683897044 1955049676 3189516330
                                       507892443 1022259413 42902678 1565598595
                                       804857221 3943561087 875921270
                                       3746784632 1441594647 1447693050
                                       2255796902 146885086 4204849818
                                       2564695531 803427661 2566130408
                                       2041560508 124492064 2638012208
                                       3488085151 2312405436 4137218970
                                       735468214 32465047 1554623654 1758266372
                                       82751617 4193535821 2028017411
                                       1645310859 2011722911 2540634812
                                       1349168303 697868736 3787357702
                                       3532405980 3122068761 1516213198
                                       2597707848 4070633280 478336604
                                       828705934 2325145952 2243241415
                                       2448679938 238415684 2176875473
                                       389467202 780243181 4158358518
                                       1563332076 3800950792 2244286203
                                       981850773 772610117 1156277315
                                       2391898003 2905822634 979006182
                                       1887725778 1064159722 944295232 55176859
                                       1457718439 388531115 2033611944
                                       3625821027 4217647386 337386650
                                       334755896 1236777719 4072366161
                                       1890384312 4220365334 1634396798
                                       1218469853 1705891028 3716238043
                                       1977162022 2691078969 3599663951
                                       1696964835 3259179480 2853509681
                                       1701239990 3648567537 2788032974
                                       3268846681 3939993242 1634353106
                                       3592508506 1870438807 2431684968
                                       857738746 1127981440 1665308669
                                       4068223782 3984468398 3126685884
                                       97586853 3304491998 3227796877
                                       3507497765 4102559593 504163721
                                       626833709 4224524412 1142178368
                                       2333356684 155343988 4272446370
                                       1274135206 3876456527 581971684
                                       2549680087 2241540466 521867504
                                       3159213279 1467996098 1800295488
                                       624235087 1671516127 1469959011
                                       691811453 672554064 1006166821
                                       3249703273 2711879362 2533318386
                                       2287748989 3369336182 3675031065
                                       270507478 2859431499 2135377269
                                       2911151119 599171565 2087857367
                                       2736572501 2377428904 3435089830
                                       641503787 2292413011 159998933
                                       3183336544 1913596907 3602326457
                                       3547681007 650258125 1748310023
                                       327367018 2204132487 2486971747
                                       501568625 642588177 1842706224
                                       3598402861 1635141998 2765389392
                                       1969953569 1280860671 3375621314
                                       3244395177 2192801889 2403514669
                                       3204889002 29711708 2296434384
                                       3993341366 2902667007 4258065648
                                       3036698980 3212925703 1663127096
                                       3372826831 3242379405 4275460901
                                       1238444215 1247025666 2533406942
                                       296798130 1050437133 1421286343
                                       2685736594 2381004901 2000141461
                                       3896528880 3672270568 3688014545
                                       464049564 1632598472 3544706694
                                       1223938293 3593174404 3181876504
                                       2388043385 1666828992 3888869704
                                       476335649 3775650306 3294935587
                                       599073710 3504107657 28413265 1651015117
                                       352341126 3629927188 1404637330
                                       1368354143 572875912 4258693351
                                       3385848224 2233047120 1292602844
                                       3871813580 181455870 2765966603
                                       748785969 3938925468 1120908534
                                       1915018288 1107898757 1741086640
                                       1102492059 3635187744 2153525381
                                       461071229 2256611262 265712688
                                       4180369797 2895438681 2108966071
                                       2783969261 3973995593 2272796783
                                       3195583008 3936822136 1359007450
                                       2550596500 362116242 3079566248
                                       3844472127 4261747376 3325939713
                                       2851144680 671735354 3674345039
                                       3064466752 2834839074 3880943451
                                       132548683 1132366189 3240242544
                                       843629683 2628376833 1016846509
                                       1658772068 251630803 3717761277
                                       3609292153 1080329144 940870874
                                       137820973 591596706 241419937 2229994047
                                       428896366 4200494247 2009734061
                                       3526049317 3122425736 1994952105
                                       4153516074 1870384043 5585893 1233448220
                                       4085806440 177893256 693891102
                                       1206569144 3868423036 2794485808
                                       2891124257 1022311083 2168376188
                                       531054996 2152333755 436811489 222151877
                                       804974444 1307753423 3906327226
                                       4174983047 3514631576 1658850978
                                       1727819116 503875842 1935084960
                                       1950359697 743456715 3081293304 45479221
                                       2399475964 324812810 2443529106
                                       521516215)))