#S(RANDOM-STATE :STATE #.(MAKE-ARRAY 627 :ELEMENT-TYPE '(UNSIGNED-BYTE 32)
                                     :INITIAL-CONTENTS
                                     '(0 2567483615 495 3201574082 212119986
                                       204197195 607443297 1154961532
                                       2723221950 1132857371 3641632430
                                       4241343650 4286952626 1788029554
                                       3957973801 2923647671 2269443349
                                       269853656 1458407114 904555121
                                       3117901112 3574798775 1493763642
                                       2675715485 1295417020 2652204190
                                       4134734595 3529041355 1343405100
                                       4202354700 763521871 3332735045
                                       3394531895 1341843510 1757429344
                                       3728268690 1946532059 470118458
                                       2084131360 362736686 51705876 1666280365
                                       378795987 2334166033 2647499551
                                       3161886730 1079450509 2618001210
                                       784706575 569472831 118436299 3307763029
                                       2688989467 1953747155 1006325706
                                       2553413910 1669960288 733840982
                                       989842936 2120661514 3555391067 53836041
                                       869206856 1557454425 1001359842
                                       2724265335 3926287412 879124834
                                       3237593645 1255757089 3637487912
                                       3603354457 615736106 411199947
                                       3558792934 4125508252 2726641918
                                       796763978 96041378 4156906380 4094052558
                                       2354049493 1676785951 3416204038
                                       190547785 52439479 891622792 1001192471
                                       4227291729 2718512714 3464944337
                                       535256705 2822659567 2700941506
                                       124034529 3524890188 358783855
                                       3192887738 1256159889 2752955376
                                       327480896 2420793789 2000221579
                                       1917539313 3399821955 1821241495
                                       820161033 3220541658 30631814 3539645693
                                       2830680698 3954404808 378818950
                                       1886834234 730892283 1113987706
                                       1533926761 3020621083 3128738900
                                       3382128241 3445500918 1045669134
                                       1735193052 3405438146 2211614637
                                       3785773720 2982316338 3018387854
                                       2351590941 250091707 3542937730
                                       929949418 949192443 3215165201 691333861
                                       3508856895 3433127241 3933288427
                                       1184536714 2544121083 1718456770
                                       3274578714 1802691343 2496575673
                                       4038714653 3367074024 3476289262
                                       626814503 1226867602 3193260313
                                       1537298755 3757849577 2611752402
                                       914966946 4249198932 2196515659
                                       2698628433 2953842155 826763914
                                       651702180 3292620987 2166166592
                                       3859476757 2426291583 2657757502
                                       1981602941 1672111521 393835185
                                       2816547143 1630405621 1733941237
                                       3855595740 18235176 3800190076 521774259
                                       2186163196 15728900 460673526 577021528
                                       4059083770 845844479 3481533498
                                       2302948057 1804043159 502856893
                                       4015041596 2276812592 4280046072
                                       4201338379 409111850 2648924600
                                       475193439 4278203185 1052261218
                                       1465527306 912250833 3058140825
                                       3234532000 1519091907 4267323822
                                       2222262192 2921952284 535066698
                                       4090758539 2099013893 2709027624
                                       285002756 3001074685 1379239297
                                       2236732401 67592771 31629189 1324098273
                                       4031379867 2079261844 1734242978
                                       3015947967 2389940002 2926874482
                                       1445025114 1940626199 1871547458
                                       924435385 3304694263 1288864229
                                       950520196 3640154307 1756197176
                                       247572913 2957873643 1824750815
                                       3999527346 2462943787 3803476536
                                       328831700 650417750 349184891 3308862319
                                       3767697620 264390951 754955967
                                       2248790721 654513568 117905372 500449403
                                       3662327537 1818158911 3562292618
                                       3191521122 3281443876 1681064613
                                       3216850451 896341116 1945430779
                                       4188330915 3824989666 2874573011
                                       3202828956 3549866662 1695155785
                                       514789654 2818565086 4202372086
                                       1627038275 2784775077 3572605271
                                       2881264574 4048075597 3556274274
                                       2871779598 1937944280 38112003 123544968
                                       3646750407 947008341 534352609 69201465
                                       470207778 1162862715 1037970917
                                       2461442595 4072123539 1402649542
                                       4031812936 3388078244 2769998778
                                       1012052507 785744557 2140724470
                                       3821420140 1770679596 4117121037
                                       3081543765 3723015664 319338631
                                       885573396 3576540350 2149734950
                                       2737554440 3766283012 1763990383
                                       136310703 792167366 2999409906
                                       1306471845 3328951510 191201591
                                       4262669075 1297010585 1340257848
                                       1749341746 291254851 2755431067
                                       3946033643 815314944 1708623518
                                       3683666373 1400426207 1620183085
                                       299312121 2594919825 2688191928
                                       1578532658 2064461124 1750319080
                                       1782795577 3591904480 327521387
                                       3790102103 291847350 952372459
                                       4154136642 849204638 1712372130
                                       537039767 1238904918 1248980107
                                       3215809616 2975913504 656350427
                                       1387169643 2779380 872952015 1729281670
                                       2558739756 2055110289 4092571502
                                       2705885753 269027402 103185088
                                       4020991685 519442623 1832704210
                                       2347593545 1392887051 844026764
                                       2712787545 3902799063 3229827104
                                       2259114342 3400645376 1069957266
                                       1174689709 3722548858 2432852693
                                       3353269448 3175194255 3818383172
                                       544768872 968832578 4014847122 314043870
                                       2237375027 4014810721 1601772565
                                       2135649064 383784607 3976030738
                                       1133867490 1150549723 376614135
                                       2247764255 125686743 3832944723
                                       3807735303 2309595739 3441925196
                                       2136115687 804953367 970194632
                                       2328409314 2018403953 3708124511
                                       4211871172 2647857896 2863115830
                                       2779869189 2095374305 1919748209
                                       874755144 4137742797 2027279395
                                       1357289598 1890089221 410825778
                                       1688315181 599171162 2946071871
                                       3570074810 2468723788 1505004725
                                       961630269 1809031030 3508429098
                                       3340338699 3605926716 2287573968
                                       2094915039 1231594933 1001996174
                                       12625668 2937774752 2164773343 106751006
                                       147978939 1758151200 2471894918
                                       209588113 1828273547 1717475182
                                       495748506 1350848334 1341798469
                                       1566216057 3051819515 3638113682
                                       1729275848 2739975979 833109892
                                       4053924816 1677338053 1427771732
                                       2258412971 2815360622 3975711138
                                       1351032507 464337325 729276111
                                       2274458366 2951946205 2238016804
                                       1628133459 471952041 1799145925
                                       990487441 948810701 3446670590
                                       1586365586 2256520714 3227602417
                                       3049730057 1839646566 1839067452
                                       1332875517 985125912 3885930404
                                       3077407256 326975415 1640506686
                                       2139332652 3447583341 675916717
                                       540885010 501452186 3739379344 295766724
                                       1194113517 107357260 3658286907
                                       3663912858 1123102046 1360996942
                                       229654214 3849155246 3520299287
                                       583025935 3087927756 1437648380
                                       478050320 596491713 888306473 3296171938
                                       3376331723 3527492900 2058951366
                                       1477179386 385427852 1895506539
                                       4264353971 1497818102 416647443
                                       2158290060 4000294975 1828522532
                                       1502700623 3498134106 699884331 69136639
                                       3744357570 1699130274 1217546664
                                       3866395774 1120723133 2331577746
                                       2505125114 1810196892 609378011
                                       1259026901 92024267 2087285580
                                       2940940146 873668281 3061269374 69785446
                                       1300767084 3709608653 699427418 98867397
                                       208689943 2028978522 4008186170
                                       2847509396 1287694879 799529367
                                       1881418149 2818631503 232243014
                                       2355213923 841277030 1764311567
                                       418038832 414247554 2852000084
                                       2333120163 2851519276 672816009
                                       1231072967 3300577675 762046250
                                       847469134 3746039663 2405247622
                                       3957075129 1833783944 2290719797
                                       1398465158 1448886200 1341355206
                                       3000563420 4292365785 3984256155
                                       1449108090 2434549475 2989405646
                                       647056542 841397607 2547281034
                                       4280471519 2033664283 1717577026
                                       2851610417 2597934137 278015636
                                       2427600608 3104613021 366244839
                                       1885011725 449681437 3303870653 72836263
                                       3331656841 3300658376 4182918414
                                       2168661623 1466857102 4105147189
                                       1281958168 1912479493 760393049
                                       506229589 4045656518 1369920118
                                       2472393282 3546981338 1826524505
                                       179852879 4115803688 3638616443
                                       1600750858 1330154238 3949321942
                                       1338258637 867247547 1378733264
                                       1280759648 2524987567 3466267509
                                       1466471863 2035401321 3356151407
                                       2873389302 6515876 860504573 4182836158
                                       1325898532 1411151038 2835488515
                                       585619436 3385620636 4197368356
                                       1738813319 172888700 2960371595
                                       1198950152 323406797 2977235545
                                       1799988777)))