#S(RANDOM-STATE :STATE #.(MAKE-ARRAY 627 :ELEMENT-TYPE '(UNSIGNED-BYTE 32)
                                     :INITIAL-CONTENTS
                                     '(0 2567483615 70 3930986575 711430923
                                       3318159276 2940441318 4266813010
                                       1296462478 3642125179 2388901252
                                       1277927900 785997195 3183924925
                                       1898197405 1726307023 3911931035
                                       59406723 662389398 2617279088 632263616
                                       3846860076 2229568577 1331039382
                                       1501186715 183895216 2392831651
                                       2839268996 1204988738 2665451618
                                       3000602379 3385054076 496311623
                                       4129026765 448966922 295432125
                                       1073131467 2586744064 106983050 7350347
                                       2187432262 1297239013 1413077927
                                       2940780542 4258030826 3434633374
                                       3477420078 164926411 952357481
                                       1601395629 3645721902 2683271909
                                       2015589933 3184361834 82036132 736084295
                                       601165986 2864622369 3669665912
                                       3658336220 1206935380 765858976
                                       323446530 2600811899 3596095445
                                       2493769472 2913838051 3879310575
                                       3501076597 744101128 1548568602
                                       754097319 918260743 55357515 3017874946
                                       878524809 2011087781 3052834257
                                       2653103977 3606724068 389811675
                                       134296650 2999791574 2425386681
                                       1154832227 343428429 3543418042
                                       129018812 2949001107 2349038328
                                       1182802304 3310551099 75717251
                                       3534544154 2101989210 4026936955
                                       93792113 3757517198 1359245608
                                       3951307368 3203763025 3112648207
                                       2889846289 2450478020 1339829976
                                       3467240254 1879690523 494549675
                                       1189264908 3626897671 3897869728
                                       736961615 626501235 1991037239
                                       3678134949 1064275000 3186528076
                                       4098712520 913558910 3350337426
                                       1182942857 483590063 3873159253
                                       238079849 1466896997 2062929400
                                       3855946905 2515784240 3558209440
                                       3041385403 3744141016 1032392638
                                       2925310074 2580975828 1513288189
                                       397827610 4220522759 1254721432
                                       3243485262 3932258839 3262281488
                                       1976867418 254989359 1893904753
                                       2057096172 2890505154 1939286538
                                       4198262199 3725643196 166857900
                                       3890946286 22673799 688057380 2625633641
                                       164048475 2710839026 745261644 809107664
                                       3363611384 812925716 4197333482
                                       2287659396 4176004238 798976310
                                       1712984031 1560000069 2494395027
                                       3108651632 2310992413 2222685229
                                       1431883361 2112828250 4140042288
                                       222327198 3912181298 3039680144
                                       2538133250 2605521396 1313796109
                                       2062026395 1837015390 1283510891
                                       1538709144 1832078543 1623083386
                                       1939280713 1691541822 467931916
                                       1215375364 2747385250 2543737607
                                       24523483 3693584073 3732729127
                                       3832752258 1552891338 3676332379
                                       722620848 777452889 3283317327 731713501
                                       2143698777 132677004 4112598327
                                       3843530447 962807474 2951938616
                                       2059491582 948334401 1813481216
                                       1943648116 13206462 4010253071 203953742
                                       2522091520 2372584909 3887656669
                                       3120538129 4076115739 355290053
                                       2461311231 155290670 3824418410
                                       2558489103 4179132623 3430568341
                                       1017621423 3807420151 4185746294
                                       1637688567 1399523639 1285132128
                                       2247474780 4100945750 3675563426
                                       2750603327 2639193782 542400608
                                       2266409136 1887472075 321933983
                                       2456320248 4244425740 1465922537
                                       1386329723 2138693392 1055679210
                                       2642319385 790786505 1987082137
                                       410553198 734567142 3546206561 301541774
                                       343874883 1178824068 1522896233
                                       1262314336 3105965815 3693335273
                                       799655260 3950971624 2273191117
                                       3118590542 409383123 357441320 505574455
                                       773911682 4126086807 2951999695
                                       4064502377 749172437 2352610611
                                       2564497433 2082216250 2469223692
                                       2045889466 40086745 575892631 2325862317
                                       952864234 2176236638 3500104072
                                       137137566 1928131793 4206369798
                                       2209920421 2457255974 4185526120
                                       1637573694 2536794986 3497521153
                                       551822696 291104298 2938812758
                                       1678915316 4283914907 2827584504
                                       3740307944 2059664777 1271941519
                                       943052630 1067761583 442543763 448699110
                                       1141270728 3744109367 844461135
                                       4138296186 2523051089 2409989418
                                       2297769801 2836528762 3127841175
                                       1197836724 3487745475 1956782877
                                       3885120590 118791565 1435229058
                                       1641912482 2031009205 4069804105
                                       1151783589 827182845 285892096
                                       1473813151 2242866913 1343527547
                                       1435309452 1099489720 3184669194
                                       2631481501 2583048455 1608123784
                                       2453902211 2333951594 88354751
                                       1646752571 3578494043 1462205194
                                       1742024134 2796486851 2363485064
                                       401845948 2409528761 3872030062
                                       4042622599 1929587002 3515424752
                                       3891760412 4111373260 760860176
                                       3725257636 1142499623 2293603302
                                       3471312019 1666814866 3007433527
                                       4208360125 2328910131 4045017936
                                       2704683029 3236480704 134860771
                                       641083692 794448083 32761305 2643934472
                                       881198216 594614166 1944326290
                                       2741174377 2745203919 367633781
                                       4195529175 62479877 1134832013
                                       2165973743 2424477492 1377532209
                                       1257639194 142378342 1227161107 43021694
                                       1864669938 2284141125 897208008
                                       2216486871 924239900 749816399
                                       2721961180 288393088 42234852 3053014239
                                       2323838888 140027270 800639598
                                       3352736633 2864564156 695306015
                                       2840871861 3199846847 2126056127
                                       757781107 3171956260 2665267097
                                       625664152 1292935796 715084033
                                       2089680447 139650115 3463455600
                                       1340581770 2650184088 2219969760
                                       234184066 3398612394 579319988
                                       3876975157 25941146 1056275575
                                       3671693931 675928674 1688280316
                                       1593876336 2567475177 3269547075
                                       3663099080 2790913025 4251078801
                                       3068391797 3094697690 1609020501
                                       95602101 222897941 559996401 3320304080
                                       609916327 1336810873 41336269 1965597165
                                       3726543574 1296246457 1990902430
                                       1272939921 4104382099 806794685
                                       586417440 2098031221 3640198988
                                       1125301227 2817913144 290410886
                                       1685363974 461487363 4274938541
                                       2265792926 2563524196 3588873752
                                       1892718289 3728180153 3440447682
                                       4076680051 660063522 1748933221
                                       1109456664 2204859292 160552017
                                       2285594488 11349045 225550540 3328613083
                                       3673703835 6927862 2387867062 642490367
                                       3245268950 3687422063 3148476599
                                       1820528038 2912373812 641658727
                                       2422284297 844506566 3666162975
                                       1746800188 3458917897 1292838911
                                       714080574 59954643 20178826 3035692568
                                       3176780455 2780233643 3229141974
                                       664843314 575518172 3884646419 958872990
                                       3042900655 3949713381 2644266896
                                       3145459105 51629518 1558753480
                                       4240117515 2930494167 927773303
                                       4100512245 158130409 2999739966
                                       3548382145 2605609233 2451202265
                                       2436312560 3118903896 4270113172
                                       3591449465 2714372354 3296751423
                                       2218175582 211703822 1876013394
                                       161681363 4290364311 4284975122
                                       840407209 1077262686 3963355916
                                       1767502028 1501122531 3415562092
                                       3599454735 3211040978 1025791318
                                       3426216008 3067444927 404296314
                                       2496991041 3949159669 3780403768
                                       1816342014 3541812723 3550752493
                                       2631988861 2905886710 1850620503
                                       3276004684 4117667693 1405518610
                                       660320097 14745311 3567456905 4049900597
                                       3668989128 472210235 3547800429
                                       1518334058 2168029259 1968787742
                                       2444793320 226092471 1207289541
                                       2825958360 1513595444 518820911
                                       406907748 2554237738 520922078
                                       3080886306 2913297147 2209712552
                                       2486597092 1424090906 1687827188
                                       1571181938 3511584382 2037312327
                                       480735161 144718611 3825686215
                                       3529249161 3421671880 3933621113
                                       2364480632 2691032483 143751935
                                       160796960 1404359392 2242726674
                                       1458557057 602599092 638236611 989689832
                                       2823214206 1195139014 1339372680
                                       886306689 2264498242 107226640 133881201
                                       1204377702 2662915865 2793593070
                                       2885399935 2100665776 972299567
                                       1997803731 2995687901 1423328753
                                       1287398838 1223783006 2293273129
                                       2891641574 1191204925 2905305102
                                       3524626498 4096242393 3688884721
                                       4159523410 3837879243 1130715137
                                       1791825890 2315563602 2437521445
                                       1184004932)))