#S(RANDOM-STATE :STATE #.(MAKE-ARRAY 627 :ELEMENT-TYPE '(UNSIGNED-BYTE 32)
                                     :INITIAL-CONTENTS
                                     '(0 2567483615 247 201270357 1990230212
                                       423472563 3008651352 3144949938
                                       1243297848 3521569949 3077219924
                                       1790002242 180982858 1644489661
                                       1359735629 716825369 3788243115
                                       1582563127 2084530071 2133497502
                                       1341094790 1791953956 2694062567
                                       367696930 402233375 199686602 597415440
                                       678434369 3998919226 2042848734
                                       3427135208 4170437555 1859468535
                                       1551663367 1386554425 3518777454
                                       1429676935 3249443236 482857069
                                       1545188694 1025706303 3394981690
                                       2952003418 4029823268 3492308114
                                       1624754549 677990442 3649697862
                                       1471027037 1886608056 3506424699
                                       913833553 2465786126 2996645487
                                       3351106637 185635801 3883726956
                                       3333778884 3951596828 2953649755
                                       2692193825 1915772161 3214947860
                                       3529473350 89592630 739050384 1289338257
                                       3213857803 715664916 3923122681
                                       2258987191 77278629 2227357555 737989510
                                       3152503878 1733098904 2427966454
                                       699794443 1353153750 3267425156
                                       2948463070 2502039843 160453648
                                       2457406286 4203587708 26463480 670257490
                                       2647922860 1432924548 555625293
                                       2601404739 2203733348 2643021184
                                       2124552147 3019898116 832771937
                                       4157493004 3748858154 1075200548
                                       2467685270 1327501095 2408399831
                                       566222921 2542276161 861787948
                                       3921650192 1516053161 74115020
                                       3509167629 1976422360 4248228992
                                       1366420641 823217468 1919340620
                                       3235651984 781236598 3142893634
                                       1428394065 4051245459 2221718731
                                       2034013896 1475008150 4074822875
                                       519417753 3300824779 2930869412
                                       1627258090 2761371415 2818620607
                                       1642874745 91553367 148270552 2208246476
                                       1815298105 2540775531 2415465506
                                       3001782914 2667507538 2485282317
                                       3351915089 3442504686 4084761466
                                       3894990678 3900082597 680116497
                                       3300894782 1619568479 2783544874
                                       3702399001 1421865775 2518005933
                                       178186684 4279400265 1757217302
                                       635106475 646146186 2070546469
                                       3087061470 2130176902 1022968195
                                       1409401088 3407725810 2141058625
                                       700801144 3160131542 69703490 4229823790
                                       2279458046 2330037445 3711173448
                                       191845451 3027510606 2419194550
                                       666748937 167316077 2123547174
                                       1472548009 1629350739 3191472567
                                       4016275065 2321275256 2542475959
                                       3957389693 251367291 789283463
                                       1489536898 2597843156 2492191167
                                       3046915583 1535927250 2280144831
                                       1138900527 2783493575 1952898467
                                       4212295434 2364022698 3366126452
                                       2019118877 543225554 3554274685
                                       3791102518 1254377862 1905040986
                                       1308467123 1129458435 2887888249
                                       193217936 1996663889 1666561218
                                       274112652 3268030379 1195951583
                                       2341082524 3022077869 3487107773
                                       476895608 2870207517 603780836
                                       3146660295 3417928732 2662034508
                                       3452618932 4235917186 617148821
                                       583382753 1279054783 3746968881
                                       3377745953 2829070885 3049868447
                                       1211788405 2574037586 474442094
                                       2249779055 3449481911 2448591274
                                       1093329924 2131533118 725662212
                                       1817955750 1149741119 2449497039
                                       3808695959 327973124 1059592671
                                       2857835595 4252693501 3831389147
                                       1018398057 1653571960 2509877043
                                       3139081191 4255274905 2813980184
                                       793599300 973149028 3242117831 921569968
                                       1522132646 383788530 292769268
                                       2070753900 282073468 2201969690
                                       3658722219 3407135342 2915068199
                                       2833675947 1308670837 2108192459
                                       3202658477 719543731 1598760772
                                       3428757949 3901431077 1738649490
                                       1807406048 4271588674 117961432
                                       2573791475 3681148909 2614203993
                                       3531959398 3345077676 76782182
                                       4131689276 1624797261 1059133886
                                       1121351207 3048570643 4056065011
                                       940228370 2772991194 2278834336
                                       3021922760 951021098 3455249157
                                       1218309900 3343517618 4200715052
                                       723474945 2156288652 1297980316
                                       1312410870 1440106815 3375236786
                                       678485407 1256394387 2841546905 65311670
                                       3810136999 831055470 4203776469
                                       1876983054 4284254780 776081045
                                       3514361977 2804320686 3847242485
                                       2490147440 2394626806 3935971107
                                       2256804684 3478635686 1428386340
                                       3947759907 2409021048 1081117499
                                       903652956 1830472131 2024066608
                                       562071088 2448929189 295008743 919944002
                                       80772278 3379102124 523217271 3501991983
                                       99875381 4027283583 1378019070
                                       2762963961 3106987322 2252701081
                                       2926881782 2583519806 2614913738
                                       2561413912 4119986140 3976573664
                                       3373594194 4157882765 3301635376
                                       313294393 4263558585 356480512
                                       1293838728 2464283465 2474741329
                                       1358654842 2362248267 168014908
                                       4082239897 1854703222 3288073579
                                       3240907862 3649821944 2029928955
                                       567822311 1534118056 1643261808
                                       1121897106 2109740935 1283613473
                                       2091929387 1635198205 2860725125
                                       891543294 3440568170 3157855436
                                       813920747 494671630 2610375656
                                       2597721228 1507130594 3977674082
                                       1844777668 224628900 1104207024
                                       396131608 102162065 3750621396 907149563
                                       797422844 2540860315 1245211295
                                       1349215529 1468369736 3223726455
                                       3566730321 4264453410 1115583571
                                       3011625404 1316917610 2447259162
                                       1984694061 46751526 1932979145
                                       2292686107 3005917574 3224936510
                                       2885010225 3624934300 3399495784
                                       2018996754 776669511 534267835
                                       3088120949 1539150167 2817049395
                                       2785987424 4199627584 1614194182
                                       73924262 1337521030 2821868075
                                       2777097037 4125775518 1260473127
                                       2096586065 1524962262 1165377460
                                       3913967164 3374587574 4273376003
                                       2651141463 3204533625 676942337
                                       949132382 1999953904 1075157149
                                       3728082959 1549631436 2842532602
                                       3687409740 3243828970 3988933098
                                       1161571831 3143213772 1449329195
                                       1598131689 1046424151 2861499433
                                       1792552018 3791593179 4018928360
                                       4264511183 2893123433 3471648243
                                       4206673426 932991341 3357605188
                                       4068865067 1329404671 522233436
                                       3164254201 3811452942 2493686917
                                       3465686621 1647723467 3627623685
                                       3710222103 4182083535 2708646604
                                       958797677 1353212359 2506193512
                                       2074208803 3083620714 1481054204
                                       3986497817 2975648970 3043473529
                                       1617324459 3312111957 205416812
                                       1131949091 1073809561 3690805313 5950696
                                       3364846513 2244343320 3941232015
                                       2525932252 3964434626 3768985176
                                       34997311 1793459596 3008022427
                                       2261946313 3172663689 3136533110
                                       1085323783 2427709566 1059890763
                                       1225416521 757130363 557759619
                                       2860787476 2699900014 2033139901
                                       3842959914 2803858979 3183701869
                                       3760358270 3050767248 3766708828
                                       2443130060 2124034309 2472513043
                                       2765372245 1083257582 1581061449
                                       2636210400 2646270923 3469484975
                                       3782649267 2004314864 54106755
                                       4270230144 3279341609 1482674705
                                       1826941081 2779545987 2165697323
                                       3834203630 1302198387 4215750871
                                       1759191817 2875951946 3346745343
                                       2076150493 1245348254 2291199836
                                       2136601748 3757062953 482420114
                                       1502411355 2559167154 2137086139
                                       4262025118 122338562 1300751670
                                       4187860715 40173957 524363872 1191683576
                                       833272197 2812331588 1809668977
                                       2734473556 4111402818 3351431662
                                       1128070202 3298552822 2769134171
                                       786587532 3833779513 420210421
                                       3236183725 58906290 565791792 1540165842
                                       1181124751 617768376 2983979830
                                       575386482 434736467 2605330093
                                       2895399678 3902324576 2646248857
                                       223297363 1041020453 2457513929
                                       2297322735 4097791352 2685875377
                                       781940294 417332926 1957358053
                                       3515749681 3507591528 3578656640
                                       515727027 895303029 1263029396 594443344
                                       2303395935 1351273995 1292380878
                                       4166887195 3151896437 3527663582
                                       2908409594 3401867764 990531007
                                       3754979059 3862976018 2267534277
                                       363648163 818990927 3047850952
                                       3559307776 1052860517 2526224001
                                       3586005596 1237305816 3895430899
                                       3968858385 1270186035 776855463
                                       3272754844 3830780087 1791456632
                                       483462018)))