#S(RANDOM-STATE :STATE #.(MAKE-ARRAY 627 :ELEMENT-TYPE '(UNSIGNED-BYTE 32)
                                     :INITIAL-CONTENTS
                                     '(0 2567483615 276 65181571 700780310
                                       245930330 602269201 2464089444
                                       4051573630 1511266101 414913346
                                       2368076725 3975067781 2936755924
                                       2408350849 120499708 553600992
                                       3589185422 4054747792 1605948595
                                       741123750 3411700105 3329261513 15406752
                                       4097436550 2716163577 3557705547
                                       3941295316 2495477919 946420858
                                       4136029487 2678169603 2999412834
                                       1709567520 1808839247 2593031285
                                       666005788 3428327697 2231153834
                                       422491642 3885960092 3421969686
                                       1164582281 208281586 1053562792
                                       3789880611 3579254064 329733371
                                       4044323587 3049692306 1704590126
                                       3699497527 2121231514 2342200761
                                       667637779 4169157272 4271035013
                                       615972050 1317066096 2382347326
                                       1551652378 850224695 582816815
                                       3675915152 1806843875 2397794368
                                       2578883742 675031130 1751105106
                                       2555751355 93906141 2616215090
                                       3793142754 1061446307 449504969
                                       3415197591 95283788 3527987137
                                       3477238787 694575597 3613751569
                                       2039378325 2000818026 1572987455
                                       3136022327 2658882484 1205546745
                                       1895772497 766394898 575437952
                                       2374211391 2318761994 2671041719
                                       1745569560 3408246915 1545642277
                                       485335594 2929391473 1588224898
                                       110513839 4044172949 196039435
                                       4057332614 3902766029 1691336264
                                       1447765692 4039477794 3213147930
                                       799029408 1016618935 4176480677
                                       280969343 15119387 1048412787 2220557531
                                       4053672053 1377615121 3590534354
                                       4268457602 2989526124 3498917030
                                       2427096103 2820336940 4255338328
                                       372348853 3705675971 2830864322
                                       2301219491 2883303350 1532270019
                                       2757807887 1442022488 3875394692
                                       1066465977 45138349 598018600 823235397
                                       962936100 3681223661 2239106218
                                       3537327316 2048447299 1189679163
                                       2175294415 3505608187 3889628385
                                       4119471834 726942421 4046731947
                                       887909696 2318624314 1025358510
                                       1280382280 2069372835 101951396
                                       3982572895 3284937915 1250534118
                                       2417905271 2805939234 2510738423
                                       3916833652 502553746 994425164 616649201
                                       1017718824 3538022394 3855272907
                                       845937372 2449641052 1302195332
                                       2231324509 3889332447 3139978269
                                       3344537958 1826628396 1996255295
                                       911073435 329271875 3127183927
                                       2733822252 2652135182 528117219
                                       2717262164 3060631686 2355376036
                                       2739531790 1279492408 3141307120
                                       2995197855 3944978837 558505712
                                       1404874455 1625516674 2412151947
                                       627215409 1953695838 3920267494
                                       3697087994 1439985870 4077863239
                                       3506938009 1270869154 3319619866
                                       1019867666 1805088487 1519627965
                                       1321830418 3839027556 904092344
                                       4170489041 3422676076 456001221
                                       2952507274 3650882891 1954243469
                                       3538139452 2201553477 2920420428
                                       1443107438 17368142 2615656999
                                       1143215634 321647704 262792333
                                       2029402605 2911309574 3863634192
                                       3558029027 2624229403 333358074
                                       4213886712 1394726544 2659595498
                                       2147736815 2740772977 436077793
                                       1149218826 3225354237 1096203867
                                       3818414945 1509927717 2676282711
                                       3992026238 1769017298 218890205
                                       1351208501 3587479278 32728324
                                       1875503252 1855355998 1402935703
                                       3744062767 2297375799 3140829821
                                       3813426818 3180179574 3840423486
                                       2245145062 436169114 1925595834
                                       3261742634 1993094988 1462389758
                                       864250288 351570223 1539574940
                                       3310598093 4227144907 1413240964
                                       1377419796 655982605 3423705439
                                       3122752753 3707749072 1126706064
                                       3609499516 1743762716 3355521283
                                       1031344441 1319377020 1313101093
                                       294904190 4248858141 601780656 195359761
                                       569314904 4279079130 3130330867
                                       2370638685 3673810608 3047442024
                                       1441823748 427964155 2832169160
                                       122640322 3073150662 783954209 331613046
                                       661596349 955356889 29648555 1650857342
                                       2523739865 3896032872 3452338385
                                       1318495423 3544789590 318039372
                                       3409384962 1274926853 2668413784
                                       353179481 3840708069 1616711843
                                       4060518430 2277100135 3130112162
                                       1275444904 3358036564 4263039264
                                       2127426848 1930033071 1404929235
                                       3323778851 690559330 1117013829
                                       1802823330 759111336 4006240072
                                       2420197229 1440877113 1360468395
                                       2769694202 2430577585 754947095
                                       4050712647 2505692236 3681152878
                                       4066601742 866487980 1007880725
                                       714760472 4162554990 4158569921
                                       1722117896 4128788934 3155909311
                                       2570542606 2309063300 3309908877
                                       1364557715 2821396393 1513339836
                                       1705298763 1270877047 4044479277
                                       4024336059 3430527403 1056937768
                                       3316167272 327974526 3152666071
                                       2928722790 3919253337 529019387
                                       3834844867 3050272897 2835333378
                                       403379783 411964127 3589305562
                                       1872050439 1506890855 2738193299
                                       166224671 1231839112 458061959
                                       2705857866 3607997711 3257143934
                                       2438242845 3869409176 734123267
                                       533583595 54363051 581231431 1763812808
                                       162376526 4146501322 2066273326
                                       418445804 2944078987 4160834297
                                       1935800173 1409579249 1347022384
                                       931847186 2316585760 576471984 648614780
                                       2942624842 3863831916 3699253478
                                       747906223 3089950741 454800244
                                       3399902881 1362654716 3124632386
                                       2958168975 474960612 4220426700
                                       4079876398 2808401343 1053486504
                                       1431196501 871487146 2339468096
                                       2516590776 4082320102 1633678181
                                       3400806585 4231729792 1031910013
                                       2513804852 4010199651 2798824285
                                       2102356219 519389550 929593888
                                       1811457779 3505200061 3960139142
                                       2929494633 94046461 1953480081
                                       1491264397 1762637602 1431669257
                                       948176307 344895651 994942871 3299998280
                                       2275055277 3067930457 3569246207
                                       1306927137 3152317662 3673419653
                                       1795817400 269331911 3607872063
                                       142431388 2338251286 1474858142
                                       3379924657 480968780 2975754461
                                       3543548252 2063230617 720513003
                                       3282626930 179764735 2739906895
                                       4135004569 1760342210 1238767209
                                       1573564639 1167723880 1338994641
                                       3159363787 3241237542 3585735280
                                       457389138 1390617301 3949936975
                                       1573508810 335159047 336586744 311135882
                                       2520259295 3187451504 1973590972
                                       655888102 4250633677 1623290619
                                       759705651 1386707534 2958819853
                                       2899971720 2375638888 2556393506
                                       1736995667 1031745522 2305848794
                                       98842613 3120772011 3765018510 976088500
                                       760539385 3956457485 506066686
                                       1812554687 1230615366 389971296
                                       2518927190 195690971 3779848780
                                       4136886620 1122495035 400526735
                                       751267586 1595131729 519340856 248398459
                                       3637394692 3967904634 3683648574
                                       1185268153 2354017388 3495947155
                                       927412177 2271522010 59588197 1941326518
                                       3564329533 186952511 3518934260
                                       3814885087 3855975237 4141785998
                                       2674844442 3067227285 423714451
                                       1017374193 720351860 3889706390
                                       3691703559 2884600422 2431818803
                                       491117423 3035450012 2824580731
                                       3655194952 1032724399 3599977615
                                       3558984691 1143780461 3190228291
                                       587129351 2244647614 862159600 852975253
                                       2744034694 3080579342 2781675679
                                       3274686499 285349227 3192550773
                                       2674309633 3329725596 2215039254
                                       3876192646 1823483833 1478466743
                                       2470277502 1513389977 3193206514
                                       2310011808 1036738424 3519605742
                                       3625495575 1342901503 331648218
                                       883661669 3387103608 990071165
                                       3244380385 1392528742 2223353906
                                       3731411981 1946665790 189937597
                                       1406508982 1019954565 1826439955
                                       1654420091 3899980620 1753823261
                                       271898682 3041411399 1335412697
                                       2972656247 2899913728 383782418
                                       897185510 1567283642 2251973219
                                       2146989747 3744256631 3993496991
                                       2269285243 3294524778 817247131
                                       1744245323 2439277086 2765570353
                                       2474400644 2997003284 4093763428
                                       3970724790 1917832204 69810884 571085955
                                       225864105 3935447178 2169149224
                                       2582115745 3294279215 358060081
                                       3079238471 3760952843 487375171
                                       669211881 3197429215 4205164718)))