#S(RANDOM-STATE :STATE #.(MAKE-ARRAY 627 :ELEMENT-TYPE '(UNSIGNED-BYTE 32)
                                     :INITIAL-CONTENTS
                                     '(0 2567483615 452 860736383 2311060918
                                       2965463421 2283979850 1685273997
                                       132897713 1493774716 1061843058
                                       2940169006 24346926 3020045720
                                       4039317909 3419827237 717119533
                                       2917324653 2997862050 3322670972
                                       2091026987 3469180711 3025898300
                                       728644107 3253820545 2314165021
                                       1775530040 2341732262 4095051390
                                       1522117601 2129941354 4016265869
                                       1962131710 2864902265 389405728 45212412
                                       581828328 3995433837 84696855 3238167276
                                       912919663 3514102974 996089774 915786375
                                       3766438623 3776649359 3357736035
                                       3058829617 2783941916 200071496
                                       3433325298 1302790126 2970261611
                                       3815041923 1116009400 1942422147
                                       1936486426 1872103281 1025475648
                                       3744221115 786442970 864376526
                                       4290172514 1306733738 218291934
                                       815229059 2661088773 525441059
                                       1366853668 421000661 4153093955
                                       1654405890 645250184 3859624273
                                       3569970764 2575706868 2001000006
                                       871367838 3016203816 3805437322
                                       2057703553 2644076458 1600393813
                                       3931093278 118899199 772208832
                                       3259970317 1576960613 3645588952
                                       354931979 1269113043 2226667874
                                       2495880565 591141126 956231459
                                       4056908926 3036424063 3388937169
                                       655224943 2883330409 2596974385
                                       586052527 3484802218 188134926
                                       4071222437 3474452987 2427993796
                                       3354367190 2936911582 3739664702
                                       2571666224 1020130962 3647993029
                                       4277010910 1784413103 1110797723
                                       685516218 3416995883 2440286007
                                       3188239474 1885186508 938297942
                                       3801046458 2366783377 4294695513
                                       50866267 3079483282 1254636732
                                       2947084144 3311328299 2370970352
                                       2221681980 3542400000 2506231431
                                       2753445707 1788562662 3761295703
                                       160587501 3866009208 3568777893
                                       318451974 2691137852 3060395849
                                       3724782041 265279721 1476913276
                                       572240514 2315671535 2455305797
                                       1590241340 2857035280 2989674367
                                       3944764340 309609753 2916307817
                                       154660945 516637315 3862093883
                                       1015561982 248334113 984683389
                                       2319819870 2764587000 1132976112
                                       106360419 4175298415 1655759783
                                       3510737503 1349970395 2356061197
                                       884918834 699457763 2610594490
                                       1755404826 1932782641 2206617471
                                       3691712510 3555151503 3629398375
                                       3327016462 2460434727 1658375418
                                       3153451129 2619537523 3703387153
                                       1022027213 3360401713 2001044411
                                       2311984942 762268662 2425128177
                                       2267371164 730980005 3233674540
                                       482920902 1252608864 981206209
                                       1136458245 4283308656 853887590
                                       1222699523 2263490696 3927269124
                                       447851589 2692631938 430420636
                                       3128632128 3162652017 1527130042
                                       2844719606 3835853778 299697824
                                       1408431013 3592727257 960421104
                                       3908720103 507416005 3692928827
                                       3969784184 1039295900 1499265190
                                       1404924381 3707697821 2341675541
                                       2480882270 3861068545 3199087622
                                       2699278468 1926241218 1261924231
                                       4083537364 2336609254 1446745595
                                       1948853703 3034622429 995888694
                                       467041790 3346104818 92851649 141523734
                                       245495979 1778175147 2486220171
                                       138886406 4251179018 3973655537
                                       1492293586 2818426757 2213310326
                                       2288836238 802510834 1460454308
                                       2198494266 3462720679 1252330255
                                       3075105627 345717391 4107777005
                                       2382077238 1541350320 4076088452
                                       230421767 3381405973 2509142296
                                       3287130551 1767465306 2385000828
                                       1459665449 2091826665 2514038423
                                       14044477 983772476 3154997417 1683016750
                                       2190607870 2911927647 822013397
                                       455170899 3940577476 1097701432
                                       4155376385 2216030251 355770873
                                       3347209041 2574223033 2214681034
                                       2545775114 452474319 1897312777
                                       266631504 1499162556 117031626
                                       1759569835 10183777 1420985816
                                       2156345748 1257214225 3462534194
                                       2111348304 1602448391 1794601768
                                       1974249530 863503918 2347915322
                                       595508067 805232488 231211853 3807889303
                                       2307478014 2716297640 3021847443
                                       2525803723 1667952945 2054734554
                                       3350024653 2176490758 2039608991
                                       1333470488 3848114571 3809195584
                                       3100593403 436277173 128027204
                                       3810828912 981606645 410724756 34594506
                                       273382267 208694577 2365809081
                                       1686022106 2955470204 3835399135
                                       185852806 2593564969 1391660014
                                       1634794248 937008835 3850646622
                                       2952572025 458613293 4263247363
                                       3227445228 2390558895 2265461642
                                       2534154235 1121423953 2088009416
                                       2978296164 2113676451 1827659787
                                       238064030 1677902908 1729705657
                                       1527522311 4098114795 791142454
                                       2445343110 3377983448 3613774055
                                       361444985 1745801976 1039197335
                                       544703213 3269428330 3184248843
                                       3712203302 3743601251 3758305995
                                       2359865403 4122082081 1849853708
                                       316691416 2236889398 676707175
                                       1255341465 3483183782 1263478608
                                       2017891410 434214699 3368109399
                                       3416627592 3212944199 1954663084
                                       1338982728 1171665848 3600811239
                                       3578489194 450125229 556185074 416845164
                                       3710797606 1052519706 374363171
                                       3574417437 2143840074 1152601285
                                       3055194913 1764506536 4007481885
                                       2434840109 2588748522 3610055126
                                       2419648282 3192879756 1529523145
                                       563062832 3287691811 3003835938
                                       3829636489 114664479 994420981 510906080
                                       828276148 2399142279 1570903997
                                       2887581587 1075523423 2548901914
                                       2733393508 1037550164 877158819
                                       961679893 237530278 547286081 2174290735
                                       494684369 945893103 2088832553
                                       4007251257 4083452341 3263514488
                                       2943533925 2581487731 3726821341
                                       128076660 3344206956 4174357001
                                       2422760937 2227926755 1096090189
                                       231388438 4043187380 2665689417
                                       3402042158 262466817 3302592823
                                       1921250339 1768409288 3310038185
                                       1813678824 1612389739 4255101845
                                       629893541 1487676285 4235837796
                                       2839745422 325329582 258773467
                                       3976559593 3146413198 3837191080
                                       139841450 3929897038 1411750125
                                       3508335647 3903891446 4047099409
                                       3769252005 837437374 1307211478
                                       1977683236 1075305052 3914949692
                                       507055375 3576339392 415856571 138863662
                                       3777151115 783777809 3659909187
                                       127695998 3268300829 1329930412
                                       2536443872 2071172067 774790957
                                       1484249393 1767944216 2246313125
                                       4036376309 1042732798 3641447761
                                       432425557 2523153165 322877705
                                       4110012466 2726128316 1425765427
                                       4211951795 1752205782 418182043
                                       3171712418 844255101 2029744292
                                       1136109633 3540264186 3497859633
                                       2200117067 1695478922 166678874
                                       2985977147 2988480940 925664936
                                       560646607 2296542583 3804493896
                                       1552822146 2228172185 3466013353
                                       3388334505 1599922014 80058433
                                       2366793749 3125208204 4119972875
                                       729786596 1393317577 1491502303
                                       1797793447 2070300900 3038829917
                                       1257570774 205452756 2631580595
                                       1199950938 1938030662 364935241
                                       319303638 3908605422 3168526645
                                       3966310814 1547995830 3026708474
                                       1310363094 2675118036 4230677697
                                       2486145849 739978850 4157471886
                                       1708572181 732177353 3124411926
                                       2169543913 3918041534 4271497060
                                       3624462745 14764572 2558909835
                                       2728624879 2975360545 1171987417
                                       1995973939 1881923862 1254579236
                                       3862148243 366045175 4195873610
                                       2395347166 2554634373 3989254191
                                       1659793249 14791108 2641289516
                                       2181733572 2464790964 2511565096
                                       3751400316 2537326850 458319326
                                       1563248420 1034029798 111179455
                                       4083789800 801081917 937528586
                                       2937403746 3929979425 4292915996
                                       3716543308 2223064435 3310609571
                                       508826642 449960907 2007834984
                                       1424523668 2993755327 2409111915
                                       563241004 2725418946 702230346
                                       1310492980 3018811874 41251930
                                       4185738012 1323542853 593279837
                                       2603698312 1601466326 3225125072
                                       3251684352 2751762786 3308574063
                                       2000949023 4182219414 3164266116
                                       509454227 607514848 1807639103
                                       1798185412 2301056460 3562877774
                                       1645617239 3946579271 1321929945
                                       1689495755 1853032317)))