#S(RANDOM-STATE :STATE #.(MAKE-ARRAY 627 :ELEMENT-TYPE '(UNSIGNED-BYTE 32)
                                     :INITIAL-CONTENTS
                                     '(0 2567483615 553 2482652495 655318469
                                       2350922108 3592938735 1667117292
                                       3383870227 2498738258 3188571260
                                       4166214760 1453204219 1595899173
                                       1264485502 2102559329 788592916
                                       2748003388 3165859026 1277653636
                                       349355129 2614638647 578427940 613583591
                                       4003557967 2699715900 2883700022
                                       1406394991 4264843599 648163397
                                       3386507030 3543860266 1249485999
                                       1435789904 3993618157 3770874705
                                       1225198840 4028000698 795334269
                                       1739944029 2050521353 4218024682
                                       2838235530 4070568306 3132226697
                                       1374489470 832651191 813831228
                                       3858906083 2116741413 2696723139
                                       4170766212 2320934177 1092467146
                                       4007071388 2526648662 3983087258 4924393
                                       1407668975 1594634083 1011705700
                                       2456910986 4265450149 3374517879
                                       1548793190 2522729056 1229154376
                                       53621133 170269918 1510788995 3738995981
                                       1717646840 302117494 342705886
                                       2516579453 4054599644 252379616
                                       2795105703 1748588425 3604682991
                                       514534047 3059518677 2386427528
                                       4039807612 2867108524 1286774375
                                       2454883316 188494072 799416401 635439217
                                       1114518507 4033671890 3220775225
                                       2129144148 1544653073 1641993692
                                       4100332836 4200817630 953510930
                                       1128061530 2677674767 1980468612
                                       583980327 48569689 3423566650 181702501
                                       790237186 1004938458 2791623900
                                       2091070242 1375815798 967428081
                                       2188260435 3157032353 1246762375
                                       699682836 1105534245 3641848164
                                       2226344758 2616640534 166106130 19260098
                                       1393753918 1316272975 125128338
                                       2972963445 3679080180 812966354
                                       3148723373 2009640438 3547456929
                                       107338352 2015970787 826146575
                                       3298685666 1938208284 1085792734
                                       3699246438 2492507970 289355682
                                       3424761843 3673833016 137047413
                                       1401540113 1285676771 4089088348
                                       1534311730 131379720 3245703585
                                       3143496796 2387026038 655341801
                                       1509963777 1162887343 2722924922
                                       655315183 2372985230 1668176417
                                       1087869094 3353123105 857897546
                                       796863592 2622461175 3834580030
                                       2111377495 1832424251 2850177376
                                       229109139 4247446537 4074402925
                                       1243981398 2185616280 1523851747
                                       3956869684 956330720 175938820
                                       1048008978 2953035702 3231098371
                                       970982828 1606901063 3929362762
                                       2179915559 2596241482 2938952138
                                       2924362963 2660526530 3692641885
                                       1004815268 149125331 2592272422
                                       3704044483 2794325400 3558933709
                                       1827199404 1387948785 3467259160
                                       3160246514 1435387640 3068222045
                                       3026007206 2377734848 2892201157
                                       2721198469 829918911 3502747737
                                       3181253719 155202527 2930020162
                                       1390769882 98691109 1462472596
                                       3689859610 1535738026 3390345124
                                       1928154080 2032391316 4155270648
                                       3185003226 1423971830 2367412645
                                       3197822644 2356140661 2152360838
                                       3326399828 3232434948 2789118605
                                       3052469144 4189063095 3132993389
                                       494894618 3848371519 3338612051
                                       2822121068 1329768788 1684996306
                                       1554604273 581660080 1599429155
                                       2371039567 1829053165 3029349159
                                       2971946529 1121173969 2396244059
                                       3183013298 767112315 4240943802 28041138
                                       3018840824 2450257342 1805294515
                                       4257552182 476127671 87780221 2597183352
                                       1288013255 146224867 2122614625
                                       2506735045 145814927 1643315209
                                       1682488093 2485522165 142201494
                                       434789241 1684063501 3793593739
                                       2729056926 870500757 2486718001
                                       335687300 2788743489 215220052
                                       2059464176 554386172 2898519894
                                       1819936729 4008671608 3221546948
                                       1884500537 2716128697 3468299819
                                       1127844316 3918536924 3617924591
                                       2207958126 2570922818 1034754288
                                       2281966608 1234400490 2188317517
                                       3394326234 2079692874 4294094245
                                       2887401407 1028962668 4069955941
                                       1202355793 3280575635 2565734370
                                       1647683952 3781944001 2741757350
                                       2026440715 3908189008 947158906
                                       3867398786 3865706795 3642238936
                                       1985947053 472685946 1446884869
                                       2988489401 2840770970 832376709 99251134
                                       2026076322 3053003054 3911957602
                                       2943407158 1412649161 2579771740
                                       669091451 2347439774 3400233248
                                       2825314164 2483729857 1720260947
                                       1525367779 4260056076 803631655
                                       1800305771 308334073 2472355757
                                       201452400 1889050033 1830079245
                                       2624946954 4273879605 2092621560
                                       2781914752 1238725363 2427410676
                                       2473452367 3947492312 3968908839
                                       3403829474 291961657 1446493212
                                       2404292747 3873031120 2780396600
                                       2669246520 3883642683 68996018 766356787
                                       13763174 3450036868 2817823311
                                       2253656291 2865713402 3662898994
                                       3796836458 2352117809 1907621241
                                       1897215418 1182697961 1348939911
                                       657658845 1770077593 4061557686
                                       503820569 4284374061 1571301126
                                       4204452063 4072842409 566656289
                                       1691727953 4293127986 2689481168
                                       1683148897 430124767 539894168
                                       2369959131 2139265091 2079904576
                                       2966625813 227093424 1431916244
                                       1666574896 3498475008 3479977053
                                       807636559 2036210071 2142282467 85263065
                                       1779602387 664236851 3059747943
                                       367631889 3163885446 4184028481
                                       2037034028 725427480 525149557
                                       1600762015 1143685655 3765319189
                                       1182816076 1451341686 765432730
                                       1559495962 500461024 2602323478
                                       2489242536 4286491840 1924977852
                                       1373122293 2834591269 1623418025
                                       3921727194 4178681591 3263764582
                                       797069615 2954646319 1558785150 44428264
                                       1061100809 3095782659 2399092524
                                       476120761 2745500509 1808833050
                                       2036001075 1021841168 937808325
                                       1872920905 1265096829 151511146
                                       2663369798 850151947 1270966245
                                       856913666 776498595 3875218312
                                       1359322656 1762197503 29056178
                                       1508760965 2668074612 1322497112
                                       220074294 3949687071 1043533231
                                       3629733019 3963520332 2094391179
                                       196116494 2148886182 2246595243
                                       2250768330 1967684591 2687507163
                                       2422109152 2790042430 1175728351
                                       1933623687 3377930177 117061892
                                       1949524607 1185076943 1063011513
                                       231290705 1725058455 1653645670
                                       1037247065 1473609400 2171377668
                                       3279361378 453673531 2691694396
                                       1592006056 1399910128 3074430884
                                       1570398640 2145758991 3338477004
                                       3659870512 3710694044 3752439388
                                       850715204 3637251506 969143301
                                       1892291000 1698803364 3084132974
                                       2173621629 4111514822 1785762414
                                       407441535 2554743744 3912909026
                                       3130458267 2372319390 362279859
                                       2675586243 2960123696 1645092254
                                       1095761428 2994343791 408465659
                                       956193339 2226098277 2690194417
                                       2657384241 1676888621 3682739947
                                       3325285496 3029858905 2416381319
                                       444303594 2208706545 3306272445
                                       3144037414 2400174305 1710750750
                                       2465638301 482854028 445601929 153299514
                                       164884603 1923485418 165536919
                                       2270089244 3105491264 382591213
                                       400504257 3522420934 1213752659
                                       2761741991 326337752 2128928837
                                       1296013850 4107651669 516064841
                                       1654231821 820592083 348133723
                                       3093652644 2960541475 213432823
                                       2672399656 3433888095 3254503382
                                       3981699329 2109239704 226861629
                                       1300224404 2933128624 2447152184
                                       1684457824 203757946 3942247249
                                       425556191 1258086302 739236869
                                       2087334085 1907274350 2201769066
                                       690609166 922771368 607465176 1174633216
                                       1114180227 4088774314 3648342200
                                       658974736 4184751764 3311769906
                                       802729219 3870370489 1296461693
                                       164716577 3840051406 2245485864
                                       248593041 1831942903 1481724662
                                       2015464116 3386078927 2425536950
                                       1120307074 2952048941 2837674181
                                       2032220720 4079271579 4282571438
                                       2020789646 1672730131 449839990
                                       1868218400 3633292979 3585758656
                                       572325535 2836185775 3095884207
                                       2707164985 2042971115 3807682055
                                       735094051 1798225990 3303154501
                                       1901343890 3080286775 3950902134
                                       976113358 1394716954 628622655
                                       1343421680 1950240177 4293691373
                                       411567750 228009639 2695136878
                                       2722037517 647339551)))