#S(RANDOM-STATE :STATE #.(MAKE-ARRAY 627 :ELEMENT-TYPE '(UNSIGNED-BYTE 32)
                                     :INITIAL-CONTENTS
                                     '(0 2567483615 17 1831684618 716350656
                                       1521913977 3843682450 2258569188
                                       3878975132 3147111735 966937281
                                       1927295498 880291746 3484913301
                                       3608339277 436982170 978821251
                                       1328179084 212704845 1607656502
                                       392226808 2298485724 2946177393
                                       251716998 2678786641 985619482
                                       2476433580 808072295 2438241879
                                       1135037556 1858251495 1965801448
                                       1097570639 2819093736 458726217
                                       3128630322 2620612301 2723694266
                                       2660812241 486586093 4112807125
                                       884609511 3278958088 3851516607
                                       4050967258 1521618997 2028230440
                                       1705591230 721832667 43541997 2955429775
                                       2574463063 3266088651 3362376966
                                       2408911092 2335946297 338266648
                                       2510820794 1265349519 1104288794
                                       1606693849 36734496 3961277376 472498914
                                       1093353904 1170614196 2674130541
                                       412490190 1211643759 880346970
                                       1188401830 2768212192 1675920853
                                       2867337166 745648502 3311543538
                                       3273729773 2000083698 1562296745
                                       3987030158 29751601 3951367831
                                       3837784015 535855593 2566823475
                                       3443484174 3624525335 905248164
                                       3877603839 1223399831 2189453490
                                       1638160297 4253305422 761979766
                                       1193042791 2116506906 3649775896
                                       3708574220 3693943729 564896452
                                       3554442685 239149520 990236411
                                       1825727734 2487295500 2135189436
                                       2480055238 2828495712 3733764950
                                       3634367161 1658210646 3912722279
                                       464210328 1808797410 2771035987
                                       1251443892 2408920279 1646136668
                                       1302729418 1013548485 2075297527
                                       4294497921 776921112 2847682724
                                       3452093779 899843335 2967270395
                                       1558418812 833806781 110349302
                                       4151604390 2860645151 39326181
                                       3875357201 3480361470 308005450
                                       1546421655 939039366 3243681939
                                       2699620294 3737482014 886033897
                                       2254878418 1007452239 1150347991
                                       1251324767 1208752659 1917684973
                                       4087517759 1791454189 3768388374
                                       396090922 3824917866 48351331 2296733685
                                       779572970 2773908068 543058084
                                       1794381266 3132936389 1072950767
                                       319795933 3628396052 1447053770
                                       3859381054 3439691216 3568846303
                                       648956110 3164092063 145066411
                                       3020561850 3171159895 1601459305
                                       3787219495 2093594364 2442287962
                                       623166761 2502131415 2672496531 45463850
                                       3055564633 2242469363 3797510324
                                       656070277 302918412 3152406 1787175613
                                       1257879743 2593811974 730296301
                                       2768179721 2396842375 159223859
                                       3837829234 144243596 407046664
                                       4159963106 789363874 3201386959
                                       3665403350 3533217786 1119867146
                                       3373586472 2404165830 904487675
                                       4125353801 100550776 2083290647
                                       1356181249 706870947 3701830743
                                       4261519831 2298880538 798978342
                                       3662300719 958445372 1185889049
                                       1740941103 1776417205 1647640508
                                       3718819705 352724397 2691549001
                                       4290264450 3097274578 984415703
                                       1028441139 3516642352 487372449
                                       826236049 2986884829 737401804
                                       3987530055 504319577 2681399598
                                       2515439156 4095281243 652620708
                                       3809641617 1943083506 2173626468
                                       2477320377 111147977 2609800389
                                       135837944 1521573613 1542001634
                                       129959066 653334064 2108329872
                                       2748094213 3702798231 2929607936
                                       3830985521 3085915634 2247656095
                                       39722768 3559376910 843200201 1946859967
                                       2881684028 1451389615 3483242227
                                       3044112855 3958425578 715393357
                                       3412674098 3664897220 2395053171
                                       930830344 3540058616 1313117790
                                       2048737163 882163752 555159553 432981645
                                       134592477 1195276087 374201539 912099081
                                       1641919263 2527169932 391598968
                                       1979539704 3957101227 682635509
                                       2700988078 3555508227 2764376988
                                       1002678270 2031374167 1408503906
                                       1617396353 3277757179 1865841770
                                       2318157260 3011913412 656188749
                                       1726298455 3631735413 1154549784
                                       2024251559 2779365695 1979694006
                                       4222776777 1678168664 1146457953
                                       1607250071 3414515576 1012448714
                                       3014471288 2988958500 1285207710
                                       2032406203 2111628014 3582283487
                                       257976994 3449708795 1443233177
                                       4210686695 1064856712 2115397101
                                       2481466466 2521937101 1776512949
                                       2293771611 2504035046 1755029326
                                       3307205234 2183203411 2340346126
                                       2326032188 3224276569 1184054230
                                       3254125822 4021323830 4262416847
                                       114830273 1115215645 1523122924
                                       3705285319 602174899 445214227
                                       3320629418 1970702379 3971151909
                                       495463423 941354141 1435759588 731757700
                                       2194605583 3654823105 803800441
                                       3180649992 3496459551 737905039
                                       4208123721 738171977 3035713129
                                       3121300497 2737412592 3777098036
                                       3183273622 1608961022 313360966
                                       930250358 3402421084 826036731
                                       3158839748 3174652019 1235920186
                                       847401127 559136012 1217937707
                                       2163969962 3896057910 4146905721
                                       3406384925 4045511400 1884929225
                                       1187285031 4114937512 1251322232
                                       2414877947 3658716161 4109577794
                                       2680156183 3159706928 4090509023
                                       1475250676 901772858 3484721621
                                       1693807937 1673409732 2489853572
                                       933546961 163266343 2842392415 682244631
                                       2697509858 1885885403 4113010775
                                       3848912894 3669212889 2691180159
                                       3346147724 1062811631 2039105498
                                       3063004293 389001277 941717213 766102654
                                       1880977415 3845104294 3111683891
                                       3446741708 2465509253 2508601372
                                       2177952130 2604666052 1688786800
                                       4181642675 1297404349 2435292390
                                       913501656 141292552 828329033 344124606
                                       3834174713 2101379927 3986404498
                                       758431066 4107417159 4291630390
                                       3003608601 1505161145 3915981096
                                       3204220549 3923407434 2570438834
                                       1877250395 4028779243 2126371522
                                       2224469457 1575318959 64396940
                                       3434374893 1064342215 2289491491
                                       3318595323 1544663436 800631062
                                       504701689 444609869 3067772481
                                       1150640761 2736120232 1778734965
                                       742726129 636405005 4076088396
                                       1433375928 1550327556 4247201772
                                       3603339689 3725305295 3397215370
                                       2916933439 2662095810 3994060559
                                       1067227002 1222851414 197848259
                                       3604104745 4019743422 4112449183
                                       324344368 997280821 4026516626 954612554
                                       2718464059 1440525935 1205069102
                                       1592379712 976308272 3458852625
                                       258314216 1495383156 2989892950
                                       268148877 1697531213 1846450808
                                       3590401638 2802728431 3546432509
                                       3846447931 2063321973 2855611931
                                       767754785 1839155350 1045337335
                                       3133841306 2021546496 789709104
                                       2964540483 1831749124 1549212736
                                       1210768234 2143300924 2561354202
                                       4220763563 4167691730 792721352
                                       2760354225 2499509350 1051091620
                                       3064958018 1017032248 2683033409
                                       3087015458 1938613978 114996260
                                       1775665039 1833368766 655667720
                                       644667080 2924446025 2048755552
                                       3611118013 2962706356 1797033198
                                       920860474 2848838864 2764801019
                                       310483041 920899286 3922344003
                                       3966207115 1460313909 3825144881
                                       994018851 2621100342 3170530706
                                       2753365663 1321312206 1535333593
                                       1577811310 4276989496 3192844597
                                       1067041703 581355732 2858835872
                                       3961588895 2268165840 1731606870
                                       2845369405 1092527583 935074326
                                       3933219004 4131028575 1675628108
                                       976843102 2511933143 2329632694
                                       2407143786 4130825214 2136320888
                                       3891368551 580778310 471400881
                                       2540790082 3777877126 2217046893
                                       46353151 1999986273 2433293770
                                       3194846560 2711325332 1587829911
                                       3713710777 740556174 2739701534
                                       807553716 2721091146 3974741491
                                       3992803542 2710045363 3631350580
                                       3091102381 3135361584 1747183954
                                       3858780941 203367585 452338731
                                       3182712373 905329446 3396613798
                                       872101818 1162562835 919198252
                                       1898153410 826195945 1424803805
                                       3937899074 76674679 1835621412 789432153
                                       2135218830 1308149635 2902488387
                                       1944373756 1795358481 3765890686
                                       2136866698 2348132207 2422253489
                                       71767161 778639805 152386628 1671262140
                                       2375370853 3571057996 3754529338
                                       664137693 37176589 3637284599
                                       3596492519)))