#S(RANDOM-STATE :STATE #.(MAKE-ARRAY 627 :ELEMENT-TYPE '(UNSIGNED-BYTE 32)
                                     :INITIAL-CONTENTS
                                     '(0 2567483615 91 4053174966 3425180162
                                       3139708210 1822221366 3347722881
                                       1044570849 4147812455 1108106669
                                       2033531096 439503428 1257952965
                                       910095177 4294792179 2403139060
                                       281014970 4058903075 1935380547
                                       1398604616 2959139652 3571865134
                                       3128007625 3299522841 3834860635
                                       2256921955 981705669 1942057516
                                       1646988755 897786260 2841340475
                                       1890431901 1197134065 3623494821
                                       2760913217 13776080 379767114 2423490759
                                       984614901 3721307272 2911156664
                                       2501917060 2786826725 88568543 121214993
                                       569845824 2563332747 1646351070
                                       187088488 3090813732 3769996261
                                       818641607 1358624603 14827233 1386885512
                                       2782562141 1987827044 1169837330
                                       2691323635 4168174523 3359390198
                                       238708541 3466272191 2217716140
                                       2943819361 1049654460 1340674429
                                       3183406503 5897698 1424376169 3102105921
                                       3869402647 4223268864 477271441
                                       3197204590 2301865214 3350281726
                                       320007838 3744683409 3384728071
                                       2570544922 928044373 3849466812
                                       110018739 1964940370 91946821 1971188632
                                       3239284519 312314335 3470476556
                                       2302309630 1511331091 4234365910
                                       2460390779 928665919 3690060767
                                       736007936 3444258325 3254923802
                                       3603846162 2766477559 2007063543
                                       4189055818 1112212532 3975564904
                                       4103081853 566128874 1918499325
                                       906998777 4020053075 202010476
                                       1684688008 1459003211 1351714484
                                       3755214161 4262958732 1355771088
                                       4191140393 1944211487 577788633
                                       3478665835 808233193 3931336692
                                       1692773924 597176014 921953237
                                       2317768817 373601786 3929539617
                                       2080684173 2881734074 3193287837
                                       3553164267 2387131160 3013503083
                                       3620314992 2581217959 1865713770
                                       1121415712 3324823942 2676751551
                                       4041439557 2661030290 3554127274
                                       3318535703 2307430617 3711295541
                                       3912701405 3865291663 3446548139
                                       2041350145 2818621548 1359627232
                                       1354918957 492836298 4109307886
                                       464364921 3646941018 4288492902
                                       3026943084 2959122973 815507717
                                       1194743882 2849761374 3326536886
                                       3149465166 1391135039 2683568953
                                       2153334489 1871489615 1260292382
                                       496591102 703811964 3209178635
                                       1824592747 1565410231 3196739435
                                       4064809609 3402666114 696940119
                                       3640651715 146173345 1532477002
                                       3742283968 910236484 4129278110
                                       1820452391 468442349 3893518446
                                       729311374 2884728613 1528566369
                                       161941020 2677299644 3547184054
                                       3810932092 249493857 856686974
                                       3014535470 3738839635 920277640
                                       3684003412 3164982264 2563666991
                                       3767313492 3574758350 2068072314
                                       2447147187 1100538723 3575837592
                                       1574760878 1282212782 3363334667
                                       2485503383 1215073790 1645515574
                                       3300655042 1885418495 2734350113
                                       2876868123 3613471401 10174013
                                       4187659345 1331916745 1560348482
                                       547511955 2149610520 3340431996
                                       3703907180 4256610290 614569859
                                       576902881 623094616 218626356 1108313708
                                       1861896016 2965621041 823899324
                                       2431918301 4254677712 797255303
                                       4285244843 3337000661 310820376
                                       3513818815 3052232711 2421747297
                                       1304111681 2542046424 2950149871
                                       2846419568 852940305 1650635935
                                       3323182911 3266981840 3111214783
                                       3775622333 2069240898 3241400397
                                       20643947 3702652915 4001403805
                                       2950372843 330076227 2827686048 24056533
                                       1244160179 1288688932 1680916308
                                       3624709875 1966145711 3745958618
                                       667658312 2097358577 2214435261
                                       2682729123 4260400721 3819036908
                                       1512155857 3358317835 2741216001
                                       3968193976 390383979 2872390721
                                       1130058078 2271569381 3456056670
                                       4188161191 1835513395 948450021
                                       2490219995 1505786367 3833253961
                                       2129190880 553302111 3943020849
                                       540973713 1029329989 2355541766
                                       781925135 879664631 2379546047 369062725
                                       4023148387 446342337 1976951240
                                       3977943473 665005767 2937673746
                                       1532298915 815208107 3863237775
                                       972159511 3759899026 2718932369
                                       3429298156 546655528 2846145251
                                       721796543 1413271792 3664927713
                                       965180639 1060480135 2537246058
                                       268948429 4030804497 367756349 315877398
                                       3125289687 3462364150 4026645445 5940437
                                       2199835698 2384899247 1440895603
                                       2509126783 37070325 2216524614
                                       2651377358 1594618524 2826526598
                                       520182326 2225809376 2898134721
                                       652816738 2515863693 1156140295
                                       3680960933 2359598767 2853979507
                                       513629572 1486921651 2068331594
                                       3382599964 844287272 857451116
                                       3353761151 1602644003 265018032
                                       1732237358 1036924533 571123373
                                       2179923116 800309924 3792119983
                                       3416630158 3776356810 2644264981
                                       1710413556 128737923 1062676043
                                       2810970965 3052768412 2287409691
                                       3715289500 593343837 3846944759
                                       1915714284 4280254240 4034619925
                                       3721444621 949311562 399050295
                                       2841395907 2041301426 1667234585
                                       968453769 506971159 2932015961
                                       2446229002 3228412592 4025103966
                                       1634181477 2640964599 2400291951
                                       3253936169 1443982969 1165161241
                                       946237471 1099971201 715471213
                                       3236041796 3601920550 2233455979
                                       2423125549 2126079496 3112546423
                                       2722722395 3077895846 208556247
                                       3929416552 3522543548 451823425
                                       3207406304 3243001465 3795998204
                                       971978611 1715543897 752317861
                                       1387414263 878267005 1259411126
                                       4048358460 3930615287 24195725
                                       4277381059 2624039174 529853586
                                       1256527216 850502165 3116567984
                                       4014489728 3633525334 515467402
                                       1458697886 4213137812 1825016789
                                       3721677633 4129644323 3210094793
                                       3079302794 1424922631 3160344888
                                       4197306387 4180256757 391745777
                                       4178277100 3975114093 845944013
                                       1277831366 2752855085 4106391406
                                       929029350 1117878978 3942455063
                                       2080276146 2757992439 2271038296
                                       1260336889 3173958731 2140138492
                                       2429909092 1234936654 3288260410
                                       100992724 2920571528 82434742 3849587430
                                       1620540628 1169762473 2065941808
                                       914822601 3470585406 1309111404
                                       1850994752 3957590504 3233512494
                                       2520992299 2464447350 123851858
                                       1746802142 679163250 1855472291
                                       825893732 2432234535 3594514817
                                       2732771920 2108100336 420776479
                                       4252539950 1066425320 3417658872
                                       4096090606 3473286669 3123649180
                                       2654095992 111095741 3847217565
                                       3779709311 1643836294 1948435974
                                       3502489508 3897511896 3297368734
                                       4100796262 2425854690 4158026101
                                       2201868395 2400219916 3430530610
                                       3109164331 2560230392 922240532
                                       1148992335 3836953339 765595282
                                       1162470218 1165574107 880124969
                                       252268812 785023165 2024315805
                                       1405553895 1277895149 4077934945
                                       1110768890 4289629896 1926248315
                                       4015093401 2426901318 47258786
                                       3442099620 4178042451 408037397
                                       945586762 1815092173 1428509440
                                       2236725387 3995321302 974768413
                                       4078488147 3287189245 1451693433
                                       3418053354 3766935251 3771414049
                                       2812585422 2296749447 1181922553
                                       3812725115 4231143052 4165654185
                                       3503611033 39976384 412409479 1316632723
                                       149980636 2591625704 820085665
                                       1262419782 3599155577 521825095
                                       943184274 923407282 1067476790 421334417
                                       1499562821 2390440918 269020870
                                       468974811 3681869786 1310741028
                                       111012100 3663305865 1314521644
                                       3080452268 1306779839 85715421
                                       3717141709 4144267412 2818726730
                                       1053781405 3841493343 2107569245
                                       2056338379 250691453 1674820754
                                       4276822774 499472577 1863521558
                                       1308999010 2344399081 1044707440
                                       362498466 3564852797 893044979
                                       3848050501 3045408752 179878753
                                       2580164216 1243923823 742173550
                                       400814198 77813270 3318515045 592548260
                                       3846364196 3221018293 1953400222
                                       3207099526 815022982 567407344
                                       3096371436 4127399255 504863483
                                       3429702091 63398725 2115003594
                                       2530965163 2127088000 3047662548
                                       2262024433 2154541048 1119960693
                                       26487080 11351364)))