#S(RANDOM-STATE :STATE #.(MAKE-ARRAY 627 :ELEMENT-TYPE '(UNSIGNED-BYTE 32)
                                     :INITIAL-CONTENTS
                                     '(0 2567483615 556 3722884510 3863276552
                                       3423781199 1368339314 3307307283
                                       4110134249 1410045118 2852079465
                                       2026556064 3299115668 2654261978
                                       2084292841 2163225865 3463520971
                                       927155497 156146824 3577977311
                                       1586940071 3747318147 2259708160
                                       1652074233 2847273259 608707761
                                       936017152 1539985291 3105137065
                                       2378438954 2882879260 488608239
                                       1077418997 219616468 4099904620
                                       3135900192 3455987950 2344301577
                                       1770891370 2826955678 3638104295
                                       491834632 1313076686 2996533297
                                       1898932274 2048876439 3932267726
                                       3498357556 3193095378 552999171
                                       3172360294 3407207271 4265923542
                                       3749915711 69931163 3917211391
                                       3011489188 1311243212 522517107 22572382
                                       1712761450 1831096565 2043711310
                                       2582701576 28682442 2792451662
                                       1052956250 1044568474 813600835
                                       4269746969 3094197730 3037503770
                                       3038044383 1166807514 74783377
                                       2462221647 3918814228 3569838963
                                       2457515733 2288735695 2753865445
                                       364418234 2759329229 1099030324
                                       3514857890 3787025514 1393189759
                                       3449846811 2709111774 2404648335
                                       4105752013 3987694533 2987410614
                                       4162544794 2676678164 1214201069
                                       1937963352 1395025143 4279075621
                                       131572050 693494573 2124026547
                                       2347734408 2075151479 4222586831
                                       3682162848 1047974774 3726059752
                                       3382348989 1734503404 2841080043
                                       584488217 743187952 1654774242
                                       3880888566 3369319198 1887741226
                                       244224091 384259017 4270610328
                                       1577940246 3846175123 3572858808
                                       2632557519 2900823048 567422787
                                       1558115148 2624267934 1855062822
                                       783846647 768549998 2211176840 67443940
                                       553263201 2962052540 119226239 225064436
                                       42237457 2087784823 3537415245 208971811
                                       1035551602 1345846024 4035799088
                                       1060643921 1270335328 1658072051
                                       1309582816 1732649167 2488987417
                                       717442149 937546043 2020191201 730813057
                                       3110486777 3227868801 112981884
                                       2376749215 567091475 772656082
                                       2327820488 4088262048 678736417
                                       2533539047 2355804360 1130830722
                                       4009113771 3846931803 820480218
                                       3486069102 907699440 3781378687
                                       1925558633 1460130343 1164507177
                                       1024508038 1122234501 3306043292
                                       3693090363 2863293982 1557914676
                                       1175727529 2690426131 278490296
                                       2475870303 1117702930 914577103
                                       1171294087 801416127 2769895962
                                       2573829693 1206407023 4170631795
                                       3993145208 730482777 834641698
                                       3923265499 1121367608 3987099270
                                       3130895560 443326516 1002016553
                                       3499838445 3328868231 167018387
                                       399922689 490566938 1064163016
                                       3558382305 2862354921 57925165
                                       1784281743 795380821 366173885
                                       3571968597 1146533051 3440265424
                                       921329760 3794640808 1138716018
                                       3362855233 62943519 4289135161
                                       2419043258 2939857111 1126187332
                                       1983441835 330735415 599090298
                                       4209717085 1116104198 1920704700
                                       648326122 2699078113 3478959758
                                       890629291 3735093308 2337587887
                                       4203265574 3977893287 705283712
                                       281126183 1431970069 757925065
                                       2843218022 1814431466 3568904330
                                       2883940062 3736128523 1731503982
                                       3497133550 637290492 4069052430
                                       724820262 3001675173 1782397352
                                       968230722 905481975 19705562 2340473770
                                       1745685020 3501370375 840253943
                                       1839412812 1024646539 2236567005
                                       2646142722 2842196697 881205798
                                       667865098 2510461684 3944511405
                                       2333188322 1050653752 2261390406
                                       1869786891 3804191174 3980422251
                                       3545006682 3873878861 306587980
                                       3854021299 4206813125 1066594196
                                       1516422739 2581003542 3434753050
                                       2416587918 1317615005 1748007943
                                       1648961386 116690982 4006658530
                                       3336412426 1489504880 4235130170
                                       3797966047 587985926 3299186551
                                       4198941019 411125299 251201086 189144872
                                       3496181825 3769654260 2840431648
                                       20365475 2943849469 4080737619
                                       1599420257 735715007 3103288089
                                       3279694126 2149633793 4242499023
                                       1373872644 586557124 1785909860
                                       1130022988 460684282 1150169481
                                       826712863 4098296157 1107606173
                                       1020474833 1826637542 3958461867
                                       2916503370 1427766938 2074764534
                                       4238915183 1657916748 2133399193
                                       3148248533 4110346047 2287976142
                                       2537901697 329283396 930998821
                                       2383110709 3893093725 3370984911
                                       818110848 1577800374 292349539
                                       2623677499 1375914871 4261216831
                                       4258156726 2112888382 1640464688
                                       4170436488 3847466652 1460484319
                                       3665598699 513203014 2335612835
                                       3188749220 3576195727 3152282837
                                       2139980320 3450089487 1504993723
                                       3797391674 3544150066 2511564166
                                       3965901858 4242959008 1979097152
                                       64952355 3235187725 2980614976
                                       2978836642 2389930217 663198591
                                       150371961 1242162936 541986565 972545340
                                       1195300880 3043946938 303693723
                                       509611123 1222330762 434602967
                                       3484761187 3788446041 1884136880
                                       4200303016 1210300126 4252753237
                                       3136132919 2967497090 3921479680
                                       267946918 1858121774 3582895141
                                       784208381 2535718565 1596594457
                                       2940060571 1451776036 593683455
                                       2259762331 4056256416 1054016246
                                       2104557757 2738674765 1256815130
                                       3372128327 2935300327 2524880131
                                       2649429006 2147209936 405483354
                                       2945872710 2194280256 3961875762
                                       1620721455 347993224 3581415049
                                       4013940080 3226468354 229859488
                                       3937371686 1792053061 653438208
                                       2792983937 507100555 3031557262
                                       4181208371 945708770 2772486935
                                       1653438158 3918297326 3639828815
                                       254995312 1920420123 1776613796
                                       1976887428 2536780791 163734643
                                       1228747244 2462322601 2101354384
                                       364634302 2957292311 646188804
                                       2175644959 2075219276 3763036825
                                       147957206 2281190201 659864361
                                       2555020480 3373859464 1691001895
                                       1982448063 244551299 2448606081
                                       517050682 25948589 3486996959 3891754190
                                       1732633337 1359417487 1786948338
                                       3059768960 1450175766 3449899759
                                       469332126 2390433831 3897996977
                                       133479522 3679623712 3769970617
                                       1753685974 1140781724 2649862728
                                       1760574734 3149494348 4001396160
                                       1479892832 2187006398 199476092
                                       554995805 4204614017 2016094343
                                       2236759249 3551620326 575210157
                                       2339623807 892098365 200470712
                                       3923332221 3447385992 2112423258
                                       37674105 4269080395 1274260190
                                       3962244325 1031736128 4172325412
                                       2986735973 4004425401 2167758480
                                       4273372390 2500351543 2752155030
                                       4034084876 1805633865 1224097638
                                       1761038870 608421 2678983106 1759960404
                                       1544269936 2784701573 4194193995
                                       4152158964 3035236674 2385368534
                                       3123237813 114911515 535225624
                                       3630376081 1564529408 2929745072
                                       3672998460 2362620620 496060706
                                       3932786802 1553883535 811273923 5764820
                                       2288899335 1355821913 1092469923
                                       2604616127 4150863569 2361965877
                                       87219141 3383983985 4082747302
                                       1430979358 1124078053 1247323598
                                       1435659577 4079874757 2607101269
                                       4094918702 1652043558 12012372
                                       2639653202 1176643017 3922984261
                                       1870762742 710853098 2993365935
                                       1310866881 1154600605 2888551939
                                       1207693765 3644941316 248628711
                                       3292695975 3535900578 3405630300
                                       3946089683 1989733656 2347651667
                                       1693040562 1722936182 1085194498
                                       4240556214 3537902014 3202044912
                                       580573608 3866377475 1681657635
                                       1808796075 1048225902 503251597
                                       1128520851 305530792 259805848 497684381
                                       1366646316 691811145 594730628
                                       3714112414 211942722 2220438772
                                       1713431476 1184253560 1929341992
                                       970376909 2289750970 624765659 683672397
                                       1164107645 3404172466 3579151102
                                       2211727415 4089114235 1539798521
                                       3205969755 1186562699 2286105952
                                       2460652693 3855811718 651223578
                                       2950872640 1786394966 17067400
                                       2681360024 2634706071 3208486370
                                       3869079461 2567860843 3270649600
                                       2912563177 3183711665 3682345552
                                       1427655411 3050217000 836322262)))