#S(RANDOM-STATE :STATE #.(MAKE-ARRAY 627 :ELEMENT-TYPE '(UNSIGNED-BYTE 32)
                                     :INITIAL-CONTENTS
                                     '(0 2567483615 336 491069937 3789995596
                                       362703687 2725331526 631527683
                                       1334306618 20357069 2499720387
                                       1359459601 2969122976 558835244
                                       4258244462 2609281973 3810607114
                                       3335774712 4053326908 2790367479
                                       706207795 2917732099 909520226
                                       1078448576 1924161699 2714005340
                                       2142941722 3172732871 1010551306
                                       578006485 2580810543 3360745991
                                       4058741619 2106105580 501772644
                                       1219808841 2795633430 2014993746
                                       1007772768 4066933878 3500975866
                                       2270236967 1458839974 175845288
                                       2528364011 3304877432 1340448500
                                       2494853917 407882149 3905626203
                                       4292442349 2621113725 1001891573
                                       1067808410 1150912019 513947075
                                       1061275514 1540026563 4045883366
                                       1525157558 1010974016 3426236511
                                       3928583734 2445107898 2578786369
                                       2258101034 1170867369 3468985966
                                       3353185604 1598723895 3263211933
                                       3396146616 1593042232 303259500
                                       2680871219 1614595919 2144720890
                                       3534353913 3424865715 3222020093
                                       690952569 2590183036 2025150712
                                       882669728 826881557 3392000483
                                       3274626749 321833755 2304129578
                                       1369161957 3926124003 2767766741
                                       370905164 2683580091 1739227855
                                       1144706583 3639890171 886894826
                                       789661899 769324250 1751907950
                                       3444572346 3955093858 335078096
                                       2840317026 117455217 2636910242
                                       3779273909 2433088930 546296078
                                       2905412071 815244163 829681544
                                       2093943611 568719904 27970791 483067260
                                       3104183721 2352520024 3262440763
                                       713753333 3625417079 327508263
                                       2253687102 59337700 150369688 2424499786
                                       38687902 1864948697 1301689725
                                       2119802181 3699074479 277701773
                                       1821028251 1657320783 3712169332
                                       3712013763 1953066501 2855132705
                                       2325619688 463022088 2239725137
                                       2958229655 1760256753 2213718099
                                       600616841 2600263109 2601765526
                                       4010231130 3531919671 3774518097
                                       1604011822 1724553087 3390056272
                                       1270959852 1583666361 1624213596
                                       2098630000 348262428 3579195134
                                       2753483940 1313127085 893405662
                                       2544085490 198082514 3686676999
                                       3142678488 1293303609 1949210319
                                       662465587 905471527 375560949 104024242
                                       3391192777 1920929373 751374600
                                       1477167404 3763112657 645129940
                                       1080480299 85933160 1729917042 909282774
                                       1648497268 4118423571 2702908498
                                       4040549786 3700002640 3635480405
                                       1436440513 426596779 159130122
                                       2440217740 3251596398 541986221
                                       1604305512 3181204764 2705464016
                                       2569283362 3256998676 1898382307
                                       476670204 4189633560 2579448966
                                       754537046 644239705 2336528891
                                       1468421529 778004474 2156938501
                                       1618204780 500585433 3184731430
                                       3900026928 1677401456 896272167
                                       3584207917 3302757139 3298613577
                                       1512104492 575707835 3285316865
                                       2775856006 2345105016 15315364
                                       3892301297 2412308677 717859325
                                       1552332115 690968529 3812167509
                                       766611342 1957816964 1347265972
                                       3894534411 3032898395 57534477
                                       3697290407 235344681 1659663242
                                       1874612252 3829489547 1419544539
                                       3357439484 118769840 750232863
                                       2164997100 2975465809 351001725
                                       2242959415 3756753081 225143181
                                       2687985160 834959954 1273704781
                                       3463363168 1719922877 577083736
                                       2451480223 1760484809 623085210
                                       958643750 2192435703 2787830174
                                       2484333183 311442025 1042038441
                                       2181836580 4021635686 1631728363
                                       3445546827 1253573743 3564650085
                                       4105078633 2151227554 802431037
                                       3784357086 3407588276 1186892609
                                       2023788263 3598320975 1537742787
                                       1786067093 1159107171 3416937124
                                       1155752486 1534312850 2669608147
                                       2424069291 462762471 2329436901
                                       3754013735 3957157002 2733719868
                                       3328777279 3382248849 2601020731
                                       3207335366 2712780816 117090504
                                       3896576061 1745323920 2101457502
                                       1834275399 15839124 1455285012
                                       1571672476 1541372904 3463187727
                                       507692908 1443882759 3510900623
                                       4197723178 3161049930 927218944
                                       1001033469 2067838246 3372052588
                                       391950027 542172185 3985137365
                                       3754306136 1901423309 1570166406
                                       2918547245 3704691944 2648806584
                                       39890064 3159267672 3958911480
                                       2686255237 1130721156 43704602
                                       3181912403 3586273914 2650258855
                                       2306830558 3130197531 2528391824
                                       2268155606 1945804128 4123374386
                                       1665393408 2272655254 417053287
                                       2937926864 3723870506 31619357
                                       3640482937 111070107 2357963936
                                       3717245948 200719800 3941199662
                                       904765972 3510558237 849903770
                                       2105992328 230407300 1245551531
                                       1033865541 4116226368 220452317
                                       2996004022 2723393435 220042252
                                       2127337518 2346893799 3881834528
                                       2449383981 3405067666 3340767225
                                       2809380045 2084318175 3550141595
                                       1369408388 4229041407 523348226
                                       460617614 3258881330 3050047871
                                       1982275321 1838563358 2899523536
                                       4264837114 2766437324 3972707397
                                       1548433840 3309460523 871760959
                                       1618737445 2989092112 2482597449
                                       90244370 3861992930 1999996770 530476570
                                       2969664399 2708470366 2587479681
                                       364723734 2459054364 3708314616
                                       1838151766 1185353930 3012183100
                                       1224536739 120614353 3323850853
                                       4197869063 2326896995 3507182843
                                       2702689015 311983241 2953207170
                                       567491164 3442701566 2226299033
                                       2906149436 1936763096 969098267
                                       1704551341 1731116483 2659788725
                                       2131724791 3616014334 3471544095
                                       2254656286 3670099075 2176066691
                                       531288218 1009635926 1257291220
                                       3008525130 1892188087 3157689900
                                       4037285636 2317294626 2146564280
                                       1934978272 264065845 3215100817
                                       1042218589 70198400 1317738790 189416525
                                       583714090 3383156494 2525342577
                                       1942304887 3841408854 2372110552
                                       3780818521 2738054006 1479575651
                                       3118485528 2741680541 3647630090
                                       1972161556 4118781234 1680921319
                                       2071059829 4252657798 4278007407
                                       2776775834 2098740381 1460618447
                                       1969864939 1233464752 2006235756
                                       1585760138 1297401734 107540223
                                       2132507161 839375017 241428100
                                       4265945898 2315890201 3502901297
                                       2695472638 1231434911 723066652
                                       2925175874 1429411590 1143251935
                                       4285017446 1468769640 1738765922
                                       592237050 2627301011 1791183602
                                       2504722797 4032216296 3751810580
                                       2286792568 2444931219 1867219023
                                       940234708 2391302177 2356850835
                                       1903798985 1084445221 304190593
                                       823542275 234476341 3589875563
                                       3849014876 887705592 2915080063
                                       3343927566 1281819180 3873484006
                                       4089318941 780041124 1523853925
                                       608596518 3572332301 1376896891
                                       1504799485 125174220 273917363
                                       2241388084 1894849928 956827141
                                       789193633 3005045241 2862856868
                                       2512783218 3982161089 4069729925
                                       172184157 3293667842 2285385645
                                       1491146603 4260783262 3559190677
                                       1161578065 3087253471 3917078416
                                       1168396006 2308193099 3037612917
                                       1054084609 3755249685 2702974053
                                       25441283 1186093052 987292415 3071863661
                                       1252710325 32164782 916663973 2527358948
                                       3336597168 2307946263 70190266
                                       3175167358 1299433244 2883859509
                                       219391369 4192651976 2481290991
                                       441841859 1358496153 3777299724
                                       1666905279 2899827118 1562357882
                                       2076744481 3981600530 4075036511
                                       2292600547 2809987567 978694799
                                       3810280496 2718061030 3451771613
                                       4169881127 2083686639 885175247
                                       4059890720 961539640 3386825726
                                       1983231669 831597388 2968506995
                                       2377728403 2401995841 3180933002
                                       3590922723 3969055504 2045523586
                                       250693876 3448765325 605739518
                                       1741660595 566120853 633456367
                                       4052953392 1218064763 1022429618
                                       1968807611 1505253560 1284245019
                                       91510275 2230845540 1666723692
                                       1359645882 201504670 2686356385
                                       838266173 4124875011 855463206 267174358
                                       2730714004 3820901703 4107564178
                                       2808319980 1928708933 763025807
                                       820403549 2858882119 1018847426
                                       4177680089 3552341820 355201613
                                       227798694)))