#S(RANDOM-STATE :STATE #.(MAKE-ARRAY 627 :ELEMENT-TYPE '(UNSIGNED-BYTE 32)
                                     :INITIAL-CONTENTS
                                     '(0 2567483615 537 52652655 3015693614
                                       1017193784 3782986766 2251284062
                                       3735943494 3177542540 2345965354
                                       1418360750 288192484 36604849 4159306921
                                       757650565 1422709505 2761042995
                                       168311013 2631835447 269033743
                                       2205591319 428952957 1524056172
                                       795445534 820496685 3843066577 358547457
                                       2112593647 2903419706 1081760420
                                       2716638306 3411509444 4214499355
                                       652617085 3236552104 3435564523
                                       1466182553 2066777484 2739180175
                                       3579829563 706452614 2443670953
                                       3617857812 3865542038 1356797987
                                       3445778544 1796026764 3736702156
                                       2202753594 1152350251 1885717515
                                       2899208189 3692381243 465279999
                                       3342195955 323098329 291560877
                                       2749988456 3478742884 2228145441
                                       3835910498 1767416904 3695106488
                                       1425951471 743887431 1383682124
                                       3648447161 508368351 2988574809
                                       1675855157 44773954 1072357396
                                       1540373982 714353427 717385959
                                       3167198903 1671239605 496545893
                                       3722946074 1788319267 875750871
                                       3260255301 331024628 1720894130
                                       2027417439 2213488755 3936036808
                                       2733881076 2182291070 3332646106
                                       1456754962 1370895737 2106611936
                                       2193662760 1202012564 2569779301
                                       388344484 3297472192 3959694800
                                       475848821 229110872 1317977371
                                       3555682734 2264685862 1186152821
                                       3980066029 3029507468 1511525868
                                       692687538 4192631701 1901567208
                                       3522195892 2808670025 1155254633
                                       1302161821 1556431520 1666250455
                                       3072975550 1892183841 415620042
                                       1072357510 1428822454 3226743137
                                       140318074 3924729695 4056868372
                                       3714907273 1390512462 3334737323
                                       521357181 2750846800 758933644 776465060
                                       3382183345 1846230212 1357841507
                                       322057489 339127062 2288400537
                                       2007259927 1831996336 2490326775
                                       3171228311 360583819 3653486997
                                       2614422098 1194045640 2249621655
                                       996106919 2922018180 1336021460
                                       2378025709 2491040452 3322215766
                                       3617712534 3537878270 3113473563
                                       2885616097 2939256024 1512899298
                                       2882461908 2490294950 3481664960
                                       1306406534 1653030695 1956291915
                                       1306197683 3547782228 1046645302
                                       3332096663 1268976947 4146654551
                                       1860862427 931282351 1716480839
                                       3285994492 2446733636 1258125824
                                       3334354389 2626946964 3544293809
                                       613847268 3921043232 3515738217
                                       3269675953 3942145327 3239971999
                                       3206712378 3999669762 516932132
                                       3276403506 345245826 1363844041
                                       3215248818 4135180369 356699713
                                       1019475281 1661172100 3082936978
                                       3846776405 2502217236 231217881
                                       3464309179 2547804957 664342744
                                       3584219946 1504087552 755635805
                                       105835370 1373118337 480510256
                                       2746051560 2266626079 3178691921
                                       3740013518 2979328714 826757049
                                       3508973561 3812468366 2785844341
                                       2064610597 49607515 471777262 928642377
                                       3699050287 808553211 942229548
                                       1326379511 698966403 358030600
                                       4167250539 1127697083 1919181002
                                       3943093549 247815189 1891627135
                                       4272966742 862491371 323452361 442663310
                                       1325122924 2110977329 30079020
                                       3947206598 3837209877 875200957
                                       372069843 3018057495 3138924686
                                       1362324259 523011092 379297456
                                       2945923729 3009694152 3680560551
                                       2236452655 1981989768 4224752363
                                       3804140117 3649538211 884320783
                                       3269564222 2003380576 703445777
                                       1557706442 3880811274 382815867
                                       1886105657 3496254180 4047795178
                                       2678317744 2008565484 1869037424
                                       3000089058 3101614245 3280534933
                                       3141251906 2120350854 4268999198
                                       2950401692 1136427895 3739557150
                                       82189079 1881246419 458655999 2665007168
                                       4146308036 4246208671 3674033708
                                       2376514315 2281568593 3098657098
                                       829321610 595406615 1429997373
                                       3099727320 1428377486 1686792300
                                       4071573901 98959801 2660075639
                                       1431597113 2917264629 1922549553
                                       3702291947 3915333215 3659319658
                                       1040967780 1204808606 2765463822
                                       1895668388 3536530139 1096407208
                                       2648718461 572478716 4162595831
                                       1712680467 3252889139 419396547
                                       2534189368 877249711 3825602476
                                       2278140342 2769725775 659962330
                                       3615961882 740099744 786379298 24776932
                                       196351260 3433970008 2827768111
                                       1141461218 3003755734 3744820275
                                       2068865926 1004325029 3109391560
                                       998370703 5339923 1989899807 73712414
                                       1885371260 3274318323 1068455922
                                       2235060743 1406594809 4125404130
                                       601178264 1919067521 876726120
                                       4203285954 4249721733 3024682098
                                       4158681576 148070602 3189939114
                                       3792301397 1268323293 2262785858
                                       3492361468 696136581 3232166065
                                       2650156302 3644610043 4238649518
                                       3107415040 1137510436 1359552917
                                       1226432213 104592474 2850044573
                                       1939177532 3643577861 1610293381
                                       3177456581 2869813479 41550116
                                       1942335873 1349725107 511377123
                                       3829964167 661796101 1984336397
                                       4245512561 1437306571 4104859458
                                       1740391983 3725050415 1519312465
                                       1039985167 369404238 2872554227
                                       2980265236 542420609 3624960988
                                       2565914104 276945029 2762571655
                                       1370113262 1622266444 1392805095
                                       3037265469 3014343047 2324797942
                                       1371825437 2011943259 895043770
                                       2241820215 1073906142 2348102513
                                       3451570927 3260967898 3330096899
                                       69888048 1267763412 4280798088
                                       3896501644 3971701531 4123212063
                                       197143573 2277682339 3293057522
                                       2640367302 647091109 4169117590
                                       3668457827 2773877970 4113617515
                                       3701425122 3637615247 2588352747
                                       248643794 1323055828 1133469566
                                       1240692350 1734934730 927326232
                                       618781550 434931517 550860723 2977851819
                                       1937178165 3635807937 1572385273
                                       2015037736 2211758532 948738376
                                       3678660256 2069308757 3927759366
                                       3578658788 2086738208 3149259563
                                       404493092 3676116673 1067383881
                                       1997336750 156026971 1532284940
                                       1137725049 83487839 3202890859
                                       4005550015 4175901818 3964026236
                                       4194401446 2152729930 1722933044
                                       204980558 3421752978 2853543787
                                       3319463973 496766236 1027289666
                                       2678058339 2471025222 1372628938
                                       3971184169 3350573957 3349126719
                                       1192712303 809744378 3596218460
                                       2308957688 2013002499 3879679291
                                       4265583413 2688533771 4022280526
                                       2801988227 3360390451 2207710139
                                       1158474770 2095183455 822990500
                                       1066044008 107587903 721039481
                                       2753902442 507768284 3912182238
                                       257255920 4268092268 3770773602
                                       1335959192 1868228722 744120871
                                       1670221839 3243077359 57360 681973872
                                       1486944980 1131110236 3932452282
                                       4290916277 3612187359 2276215197
                                       2509729524 3673291093 2712337203
                                       4029786461 1622216557 339627760
                                       4052399784 2969964551 635032692
                                       2249652478 2170329839 737373725
                                       2650306703 3547872389 4202329675
                                       450540811 993718091 1883423446
                                       1958452131 56557076 2233256623
                                       1679416275 3439518087 1075611636
                                       1060857338 491913220 4256716398
                                       404453740 675836892 3596515411
                                       4190363814 2335426428 2691721239
                                       2420031962 438094130 997146426
                                       2429134665 3537517441 1957384268
                                       349245850 3194558970 1813216395
                                       1989532913 887188268 1066632676
                                       1635527221 3453080769 2354410995
                                       1570321910 270829787 4073184387
                                       2952454674 3919163782 1055176737
                                       726660692 2505035782 33494768 1675495942
                                       382888134 2505185343 1283431537
                                       2253632999 1791084279 31147382
                                       1382748234 2139464534 1157892710
                                       1641118536 2083633202 3536666786
                                       497218947 1603091471 2879395093
                                       3468535943 3827194484 2191585256
                                       2882603236 4144061234 316363063
                                       3746345745 1019761782 322558844
                                       4114867870 2424138560 1399037052
                                       614915570 3296623944 205909744
                                       2799081631 2928635330 3625150601
                                       3595767356 896150337 3042587298
                                       2516317133 3083090269 2941389658
                                       1261713832 2466348845 3610661851
                                       4245408297 1358848891 1722832937
                                       3434730782 304412320 825487987
                                       1186228674 1009810031)))