#S(RANDOM-STATE :STATE #.(MAKE-ARRAY 627 :ELEMENT-TYPE '(UNSIGNED-BYTE 32)
                                     :INITIAL-CONTENTS
                                     '(0 2567483615 162 3653857603 3637745470
                                       1929435278 1835182495 1991198031
                                       2459163292 3355362872 103769412
                                       3823648992 3851550410 3237892978
                                       729156065 1933042569 2128555776
                                       2201781817 1587555003 850252355
                                       3518681639 2029448670 695874106
                                       1156891120 2714823577 372318668
                                       3579099348 1231426495 1509527170
                                       4047920684 297850328 3592436048
                                       919466271 1451427728 2240253943
                                       4166417147 4090251250 3331224164
                                       3137492231 1576315143 2504006762
                                       2187972905 2555698808 4228091717
                                       977964869 2436722600 2696181515
                                       2256948631 2157277311 557698374
                                       3603317132 710057303 2769568428
                                       2511528581 325321773 3348750645
                                       1436925015 1113107065 388207445
                                       2782757386 3501808253 4123987891
                                       3051078964 175875888 3592304819
                                       3920971078 2267379567 1319470256
                                       3539792571 2163194681 1245852203
                                       2342123361 1860802055 733607882
                                       101558922 830860453 455712713 2117761563
                                       3052155531 853273963 3258754137
                                       911796896 1822976953 111356201
                                       1609539407 225328019 1818372052
                                       1350542031 2863723528 422571324
                                       1999560477 4123117645 680349638
                                       1338077840 1418069872 2527798515
                                       373901149 3233062540 1044819894
                                       3264359618 36973158 3942437667
                                       2177185122 2645186902 1135020713
                                       1144380570 764368132 3807940335
                                       2216138243 3802359912 193185676
                                       418640851 2944781583 3981000436
                                       3754577836 1344387461 2613467294
                                       1026062343 2540163946 2946437492
                                       274551858 2548629436 664554730
                                       2800434227 2200915055 2416767598
                                       1439388229 3489705748 1841566603
                                       980273189 1505876559 963785336
                                       1708219934 2513554888 1285145501
                                       3897141715 3787695037 2532284668
                                       2385629458 493071141 1321911259
                                       989941807 4132308852 4263483562
                                       2459486951 3233692553 1482501905
                                       2687696710 1411841009 3285648466
                                       3799994012 2996323846 3842653306
                                       2940686451 3606266453 247158564
                                       201622242 3875678982 2782691189
                                       2364935371 2579063199 346461060
                                       3025386130 277770659 482433198
                                       2051793928 3496600834 1552196749
                                       3020448034 130407380 2881453489
                                       1927090986 337440906 1199599886
                                       2255178895 640607621 1551124099
                                       392759386 902446196 1337916658 289705003
                                       2724132143 612505203 1311254631
                                       1612933408 2221104447 1218666558
                                       582630308 1975865354 1203096127
                                       321010745 4261271659 3651453869
                                       1966746661 1449963654 1425059592
                                       1814622883 4080539237 3882910201
                                       3401992201 2653966909 92689806
                                       3863979997 2592773538 3799923848
                                       3172263592 1719803243 443286260
                                       3131519614 1919021436 3981097387
                                       2001742868 1015171590 2700189437
                                       1462747094 1848468686 1649475068
                                       2449728049 2861007524 447165286
                                       3846382376 1531177335 3132949678
                                       1828545567 660616437 1781351115 95507899
                                       2264689619 2540153016 448334060
                                       1729630603 3019940172 267484415
                                       1419428954 4086542594 1501772337
                                       3323584630 1402700455 3455458950
                                       2482582919 2833594788 1404787095
                                       2239725375 3751346670 3993976403
                                       4084633593 926018489 2706009010
                                       1693936407 2377719518 3707077441
                                       2887077245 1243714165 830212829
                                       4067446851 2987955083 1268630903
                                       3271170992 2018005286 1727448267
                                       3385297103 1269793650 1801537798
                                       2358702042 3305098471 2822733951
                                       2124461207 3362144657 3959038008
                                       2663286564 2849797071 2211442609
                                       1803769882 4147252671 1231069627
                                       830600700 2207407931 3938819959
                                       2213227200 3695957459 3662409125
                                       2634899830 3489576663 1332904084
                                       3436090099 2786384786 4269426743
                                       2525249323 3835133510 2027737509
                                       1111408051 1261400572 3398444433
                                       1311343204 3614012204 2124802912
                                       2111518235 2109137634 2849444453
                                       1647601900 2448408632 3476573062
                                       1489057952 1802203772 474812124
                                       2710022660 856722273 3869489228
                                       2881420912 1713128491 1860591328
                                       4014762070 1435572389 2987047368
                                       379004189 3954413546 3018042776
                                       2578814234 557208607 1218993582
                                       1469390900 2802444645 4283785152
                                       1080807963 2139205619 1647130520
                                       2736403734 308504326 3550464442
                                       2449995694 390815148 342214913
                                       2991127882 2350857643 2962217551
                                       1269268620 3287909876 1183057629
                                       1696464350 1147249430 3832800820
                                       32602216 1022232977 3172153986
                                       4071574105 330309497 4197988279
                                       1562393918 1563817222 3232197992
                                       1585446396 984706510 771430508
                                       3468862682 3567241583 2669722699
                                       3820804528 3338545705 909301536
                                       2288364293 2047497999 3492563561
                                       2607248475 3106565723 314579674
                                       4105841125 1003452474 3199652109
                                       400877176 2023089475 2712170877
                                       639689794 3331683024 2219843194
                                       1197595518 157192536 3945748352 21000432
                                       753726301 818417850 894904387 1466651011
                                       1944428551 2231775803 4007381903
                                       4060382602 518001290 827631028
                                       2601624071 327435017 2283079573
                                       3568675463 3313658368 661546762
                                       1291327675 215294062 1377374343
                                       4190494379 2329001770 2221179494
                                       1764281611 3248763671 3666279995
                                       93382020 645378512 2854431601 3792599307
                                       2034168723 769329763 2452892168
                                       3224387809 3646096748 3815468295
                                       368601388 2725397574 419823727 413881075
                                       3267911909 3639210510 2148798045
                                       218422975 422871021 1888660650 44108655
                                       1753871716 3055233205 1452172346
                                       4243678596 2495598265 3254906613
                                       3207598123 3510348630 3884641301
                                       4076373417 1769720851 228463748
                                       1786391247 4033655228 776259416
                                       4173485378 1164902492 1471577254
                                       2995789829 2953061446 386752757
                                       4159380696 2035061026 1579451076
                                       2532444295 782545083 1127592226
                                       2675916631 2194371091 3501486607
                                       4056359408 3617038780 1571850776
                                       950904679 3810573049 1323097490
                                       2945651448 2994558521 3745794269
                                       2676131200 1299861861 2837769832 4849511
                                       1344201935 3462792987 1183418683
                                       3363544648 2655873037 1438324061
                                       1010140059 1976919443 968903707
                                       2141337235 2318448493 1077340354
                                       1588960226 2091418101 505737143
                                       728210951 215191955 16627413 792267600
                                       2073805376 1463980243 176452223
                                       3242654645 3769085346 2689763032
                                       4008945140 3504769774 3327728000
                                       1648469098 2584281419 2540613833
                                       4009303513 944826700 2411163907
                                       2844082804 2546961974 4284072215
                                       3122783917 2793607606 2775827556
                                       1619026873 3156089453 3651616083
                                       2743880056 1013957927 1116511934
                                       2172117480 1177272657 341242548
                                       471120891 67051975 1859570613 2197146476
                                       3035966238 3513776971 1193134261
                                       2011807887 3845369655 3627062008
                                       3734166413 687902125 994012747
                                       2192466832 214556475 2756674545
                                       1172911585 2750687928 355414348 97748223
                                       318326243 2334797954 3483557002
                                       2118772869 3403455254 2026594979
                                       1056300771 453773912 3362923545
                                       2291964797 688727785 3773609481
                                       1049973264 3809989741 2380137416
                                       3706618347 2768812157 441351987
                                       1489678830 847891073 1251995832
                                       3882205011 1281573343 1381011432
                                       1306454680 2407413478 716758957 11481884
                                       1507861104 3315312657 3385915214
                                       3919879697 4039489399 826257571
                                       2456508617 3000667536 3730042687
                                       412082080 4073974795 1521750931
                                       1780026974 47430576 1591134030
                                       4104418823 2829224000 2737593866
                                       2265898230 3463445116 3024188568
                                       4213667874 3289825747 4263044504
                                       1138632525 4257857961 1512303306
                                       3364246211 3078088411 2189806184
                                       2370884223 1439486927 3918770136
                                       2184455112 4294867538 437176119
                                       1694755770 2593892543 423303554
                                       1259621739 938129349 733818958
                                       3650572855 1280826517 1721539070
                                       64372684 3286427217 3522921011
                                       1097093444 3400650347 2924550023
                                       2366640806 96684644 1851242033
                                       4289815279 3623121021 2381179448
                                       754391519 1860644035 764103878
                                       1242104332 3735541215 1904773656)))