#S(RANDOM-STATE :STATE #.(MAKE-ARRAY 627 :ELEMENT-TYPE '(UNSIGNED-BYTE 32)
                                     :INITIAL-CONTENTS
                                     '(0 2567483615 389 4040687151 1938579402
                                       1001743340 1529551866 2931553118
                                       2757007907 157795168 3582114306
                                       4243806105 3224834323 2963850047
                                       1859339641 974844891 3427951643
                                       3373019300 1628190331 129898623
                                       3190712707 2311097504 1305780262
                                       3672645362 3976001413 131274875
                                       3526571966 4226168781 2815083495
                                       833388843 3245848298 4116883611
                                       1431018380 2252935486 2128520053
                                       3033730481 1202167761 1797212251
                                       1135423793 902030148 2242737118
                                       3116134580 1157689489 3755002658
                                       4225516019 567217466 2639862617
                                       2462083808 1589968744 3049170515
                                       3607477774 450040214 1545128214
                                       652591738 2910105403 1965019220
                                       2784922573 4281778902 3036416642
                                       4066440440 140899052 39691507 563612472
                                       2793871605 1286718110 4071390841
                                       2930445530 2366150103 102564055
                                       2354878755 4037740454 3817833412
                                       2655969399 2909196014 3522539132
                                       1560120111 3316242402 3581806408
                                       3527907685 1575696282 1968232288
                                       720750451 1613531416 2653338671
                                       2618808491 2273817276 3240007593
                                       369534043 3824873542 30365269 3134031854
                                       4051843128 824666115 721156230
                                       2760715372 1819701984 288322303
                                       1009387607 4093222662 4103246413
                                       2230392439 1606303646 2825173264
                                       1999059775 1395294745 3572557662
                                       3601552195 2526887279 2673645175
                                       3400250776 1340752701 3013103003
                                       2554881524 2831595005 3665648697
                                       2942573902 185478440 2617810227
                                       313593196 2674404448 1883650918
                                       856121524 2580552941 2557668400
                                       3165449280 353981295 2981259378
                                       1309146702 1246540904 3002008327
                                       736554494 3780955119 1362858996
                                       2993671614 3741610007 4232732710
                                       179295277 3684594048 2819537979
                                       1938768360 1036404377 1046604655
                                       1306673347 811862023 3929548406
                                       578269128 383399505 1685875560
                                       4046775131 2288488555 4095842491
                                       2167094185 1002436745 2859900623
                                       1737774397 258721207 2931245802
                                       397817435 910856723 1548274424
                                       2028901951 1375220891 4118907167
                                       4231276160 4108537447 2686994517
                                       3754332915 191730556 1375202588
                                       1967391988 340008899 3211583505
                                       3827750465 1370674668 1745839010
                                       2802229786 2313648978 1465701155
                                       2453555209 3157103366 1037785398
                                       840085443 3682717105 223229911
                                       4026378622 1445041616 1335783117
                                       3247875343 3069891446 1435964875
                                       390830586 4126353955 1012184698
                                       2298338561 3846329703 2373077850
                                       106778165 2323498341 2448504256
                                       3936242043 3382934671 2895820571
                                       1301779205 3999159726 1706721569
                                       3449796273 1112901546 2372318366
                                       4080150246 105508303 3798947376
                                       939209381 3660371486 649673663 216881941
                                       1301706983 3906448229 123017036
                                       3980236894 799029823 55281775 1307266160
                                       3099678215 1109107995 1320651898
                                       3237553856 884222074 3062018678
                                       3394812356 79938784 3025442367 115670765
                                       770226471 3116395630 2135786861
                                       2039129462 4128759741 3479700532
                                       112790659 3415563575 188768022 616411025
                                       3525796853 3255663591 2511474622
                                       826768869 1580490614 4264444467
                                       2722658101 83669037 3021046470
                                       2523112610 3381524633 1914069846
                                       819820493 1611731528 2422161807
                                       3756885523 3514816952 2562281783
                                       139532990 2090100836 1973657611
                                       1152686197 3109618110 3853183548
                                       2679305188 1787125561 345533919
                                       209591339 4231489669 3044922123
                                       2886770691 3068452403 785019089
                                       823953024 4125047636 1400704565
                                       3838561406 3773335096 530203758
                                       3029648320 3038089073 765765339
                                       853086552 536012035 3413690334
                                       2633531853 3000704796 3343057307
                                       4135594851 1039079443 3457937328
                                       4234502775 2836785812 1908637695
                                       3603052332 865799801 1406351048
                                       1637940127 4240647432 584059500
                                       1578906990 90965896 1874915950
                                       2602271128 647849321 2797364299
                                       2353596800 160376239 1976216075
                                       244023929 3444824417 520426104
                                       3131666193 704951314 3765200679
                                       593156808 2770903430 4050718742
                                       313024480 941175756 246983712 3200129006
                                       2140074156 709416406 3322889021
                                       2217856249 1563996668 527281101
                                       3129067802 2426008788 179958622
                                       3407796210 3754516809 2561093887
                                       887737721 2295215029 3520565783
                                       2344472970 3717934886 939244324
                                       3352366472 1700398140 1200703654
                                       3633938907 179871434 1061251562
                                       1905219817 1781785369 218423462
                                       2014121030 3834764033 4131661577
                                       1690314997 658689102 4049818897
                                       3228478183 2697795240 267679152
                                       729760960 860186938 3578485123
                                       2793640703 1833348476 2666386061
                                       1165260762 4130388318 2874327526
                                       2532111864 3442029048 2956816087
                                       1652170702 436678654 2995782861
                                       894044989 1555841887 1053462678
                                       3998154458 1435183266 817021235
                                       524466307 1039048335 839747132
                                       1678123792 1210206264 1284970530
                                       3533739972 1199343495 1757560902
                                       3922998930 1976611762 221980256
                                       622954189 3969619018 783236600
                                       1841882774 2051404783 445520287
                                       2632645563 3287901585 3956963481
                                       4075015096 3552343444 3349037171
                                       947635953 3178825441 1177223022
                                       193989579 1942670856 448728572 341512511
                                       413070785 2813310551 1305806098
                                       3467974891 3882227036 1558918936
                                       2514150933 1393329091 848548308
                                       597168289 1234651778 2546305562
                                       2843439489 2400934454 299992367
                                       2948384922 3422086304 2062214857
                                       713975835 2677673530 1752694520
                                       2315033504 1268638526 226073893
                                       1165270742 1768327925 2131079099
                                       1124451899 2900508713 885863529
                                       4080164834 4060294876 656666196
                                       4146435237 3680283263 2749690790
                                       1476821022 3082739932 3708326942
                                       2201388280 2313675651 3520591492
                                       4026892978 3779410920 5046179 1924547473
                                       721944727 1508281097 3104725924
                                       2444166864 1470631892 22085183
                                       1680612416 130187857 601140056
                                       2724643021 700395605 437976182
                                       2060633854 1124169976 1531826030
                                       383505341 1203636287 1648838056
                                       486862515 667081330 1663119528
                                       3040683809 2259501916 4100255582
                                       1575659488 3568373780 554377002
                                       2424575873 1589811794 2104444442
                                       4282848879 140756622 3145473624
                                       1351288875 394908724 9525425 1027993735
                                       3088675742 3520990569 1598109837
                                       2246347731 411171981 217897707
                                       3413091576 3928801774 3346592737
                                       331205442 3744863785 3944600937
                                       456320427 1807820531 1093149617
                                       714246458 1596930331 3739597205
                                       1740886875 1832409505 4158891469
                                       112525120 1894198043 4191710996
                                       3605976625 3101414959 3720908724
                                       704284514 3975596785 2421979534
                                       432135922 987291731 3644344091
                                       1707948411 264800600 1515491442
                                       171336574 2224650027 1215824509
                                       1497569254 59753266 3940769327
                                       1962424606 3200566049 2994133085
                                       3282298423 486233123 1171327830
                                       1834992490 2063852959 121743832
                                       4290583407 1566799257 105971781
                                       1960445651 3495477791 2408954794
                                       2759442416 145042696 156294468 521527917
                                       3703863486 1286253610 198097264
                                       2332978924 1137475443 1516708735
                                       1231497371 2810813163 2663409864
                                       3534715749 4293112104 713846061
                                       3087976455 2163105774 3922907799
                                       2749059406 4111190144 1201230569
                                       1562955609 837375401 2216226146
                                       3382211073 2485853870 3732671376
                                       38857960 521500579 3899481956 1264305279
                                       2474329210 2927357318 1860823042
                                       3551706728 1392502559 2599567177
                                       1870852845 2041945395 2691959832
                                       2499392176 3943157563 4282455017
                                       821187264 3872949789 4242613616
                                       854754169 1399588165 3311044588
                                       1152616152 2970780161 245876099
                                       1218887128 3890443316 676703225
                                       1686618821 1956363781 679829921
                                       993431297 869374429 3218889251 147473662
                                       4128684368 3473641847 1292610205
                                       4038962952 1470725256 2789902678
                                       2817635328 3843990705 3760953108
                                       3852487779 3280357544 2106176627)))