#S(RANDOM-STATE :STATE #.(MAKE-ARRAY 627 :ELEMENT-TYPE '(UNSIGNED-BYTE 32)
                                     :INITIAL-CONTENTS
                                     '(0 2567483615 396 2460892644 545504947
                                       818323706 2216746929 1451609355
                                       902479839 3502971606 4091158042
                                       2541759569 2236620262 2637473723
                                       3268028310 636065420 1535199332
                                       615487440 2665657109 3297375498
                                       1068302727 499234699 2072159694
                                       3017143810 3398319691 78997354 173201594
                                       1787407985 3559446833 2155734356
                                       3176150755 2853995393 3260706854
                                       1631388818 3298548120 1926239768
                                       3468071239 3363807731 4152622758
                                       1762246343 1477837926 1491809573
                                       4289253006 400279008 2230654946
                                       1607899568 1674519335 3962779537
                                       1180323005 2754225677 593454540
                                       1076271371 3117608136 2020457850
                                       123746504 3860985706 3936664099
                                       1986319455 3973603076 3654816983
                                       4169927626 919019707 2388191265
                                       1447337353 3190255143 1356203866
                                       2945461033 1804123555 3058507418
                                       4190737309 2278289841 517167428
                                       2363987112 2011465268 4012331584
                                       789054741 2003135983 1006465915
                                       1044607077 872005562 3493340977
                                       449937041 3848906975 787431631 706460989
                                       828219186 915526200 3556470254
                                       3846754957 3468804101 75054554
                                       2851574496 1641072858 545354124
                                       176138130 3012650768 1479579063
                                       3797211778 2884971386 1073432983
                                       301049882 3525510587 3877320654
                                       1904287118 390085163 3676493195
                                       345849382 2914975566 1165592958
                                       3679640617 1637391043 1364769057
                                       3850718426 2794203912 3147121711
                                       1012471123 1097346479 797817489
                                       311805538 2703983488 2772159021
                                       2217356723 4098514438 1885021040
                                       1597481578 2223525583 2656371751
                                       1387263886 1980592645 230573562
                                       1116666072 3457844726 1957826498
                                       3749039381 3570801904 2088111533
                                       1334593452 3255939939 2108121421
                                       4045613695 3510020938 4182438244
                                       1215365480 1611335197 3235986840
                                       1240091233 562749561 3761621012
                                       2718226892 3101763264 2095020138
                                       679240354 2889502931 4193996805
                                       791872254 1633170762 1335000034
                                       2387077748 374319963 2043680251
                                       196904510 2630859320 499104598 660913118
                                       2708492471 4093166785 3073908126
                                       2783746748 2320501881 2128550499
                                       3143781082 3222107264 3473450588
                                       1167852435 1810957633 505272838
                                       677203872 370456889 331334248 3149296250
                                       3932383899 3792788400 959610711
                                       3553724125 3292736438 4223373255
                                       3259336745 2975235884 2446614602
                                       3478199810 4180907090 3170088530
                                       2822096193 1137725400 4270900250
                                       907451858 1004375191 1806647383
                                       219721930 3003375942 4272239224
                                       1877186534 2484626903 441237494
                                       2383671762 4186335002 2869836059
                                       2378286222 3076881090 3972998758
                                       2278502884 244791996 3491006297
                                       2294251152 3309095948 2427358100
                                       2380676030 3979261214 1095381180
                                       703674029 2926675690 1368776046
                                       2006731699 49022130 2546870664
                                       1621603248 1713547477 2590779693
                                       594125148 2848348395 3575279759
                                       484116384 2920707646 1522364821
                                       2951979306 1767113664 4135743522
                                       1271109276 2851504471 1110406962
                                       1929280060 3669576772 2282697025
                                       1320177258 1143375594 3933435515
                                       1293283610 2347638269 1790682263
                                       2002006176 3679474580 636921974
                                       1597300654 3908837329 2707486320
                                       2805720434 1478290751 3029369263
                                       2787574877 370229533 3393307936
                                       3502330565 975818120 421825706
                                       2055650035 3324185004 2285715561
                                       3429248735 896213521 2402812365
                                       3811585862 1436031351 3925745778
                                       848874766 1968981548 3993318826
                                       3318858370 2557812494 4173341169
                                       1327704141 3621405611 472527034
                                       2630797403 2748428808 3690722708
                                       1390339823 943231980 12073976 1495181677
                                       243237825 288099985 1910849916 63640532
                                       1457065153 149569525 3918636642
                                       1397649754 3548309962 4261374267
                                       1713459394 2970880452 3518588265
                                       326094217 1793346726 2420469719
                                       977186870 4170100855 1998203464
                                       310535508 2316228760 2423851627
                                       1108219206 2043777239 2519910177
                                       3189705063 2492571626 1258816887
                                       1327040595 3826289212 384842725
                                       381419420 1377214299 1061702328
                                       407997415 935072682 2238480038
                                       1681411296 2161208994 3896013696
                                       1071874316 1617346559 4266097861
                                       820781747 3991522524 1762041298
                                       3334490648 2592193923 1061083009
                                       2658541324 1806480459 4139860681
                                       2272607200 4216212562 3710140106
                                       2173887080 3431789858 3831079734
                                       1834881190 2340881956 3786035780
                                       2143411796 956003886 650757886
                                       3051545421 2882122886 2998631912
                                       2159141552 2051151338 2486699472
                                       3755908392 4254282780 543635974
                                       3070966088 2462223012 2883927978
                                       2327796288 3900054823 4186854380
                                       1281461081 3018246055 2285041961
                                       1975021363 3879634789 2551117974
                                       2215053827 1712129649 3258345226
                                       617908231 1926748829 2566275411
                                       737118744 2563204662 2113725131
                                       631813950 2626418386 547321110
                                       2809459983 1590966574 1255061916
                                       1700815741 1734339086 3913330299
                                       3110170545 697526207 775840540
                                       3786941367 3119645927 4082417464
                                       3477796925 842776100 1422472647
                                       1420209544 1077889766 3533004047
                                       3482788312 2762126776 987011542
                                       3011940832 1672598599 3114534916
                                       1347975315 1034694846 1621835271
                                       643070924 2297874701 3004267615
                                       1300832778 3186670690 2014422375
                                       3433737134 1761415405 1726838522
                                       350805068 1560130110 3388953819
                                       3563235839 2666254013 87110009
                                       2293564085 715402683 2319911504
                                       133607837 728366959 3506334048
                                       2965272523 1810785 2742561449 1741916715
                                       3347334340 239144909 3607407371
                                       1899380928 3127255010 383139101
                                       1120283383 316429849 1317168788
                                       3961242801 2689381406 1830676720
                                       3324604907 1862818991 2013436298
                                       896075059 1540912455 1320647436
                                       3571314645 4272616184 1941551299
                                       1624424480 3109432183 459737682
                                       4054140012 2090192718 2579928417
                                       578805594 2899810122 3359322863
                                       991569828 495872405 2222851417
                                       2065415233 1561640857 2384163782
                                       1787036784 729278792 2459954287
                                       1247699250 3992658785 3539364202
                                       3229280480 3234659342 1623532111
                                       878578747 3081521613 2226097455
                                       1893121023 2236208370 4094856909
                                       3049641846 619938462 1861863787
                                       3050959013 1299406970 1854306587
                                       2462721407 3427198516 1883285726
                                       3207451329 1487573977 3125955158
                                       929120283 1105670735 4249602293
                                       4100717876 3035233874 120383976 14219475
                                       3378650588 834025757 2786958180
                                       3210359475 1610574973 1791823325
                                       2067525882 3225700967 1153810265
                                       3300591231 4048016909 803762167
                                       605595747 1052830290 3989830651 35586623
                                       628050379 2803517227 2527474296
                                       1261915063 1530675446 2166821349
                                       2689170113 3244451132 3048422068
                                       463893256 257282047 279178233 3467031319
                                       3482825561 2727699781 1153444377
                                       1095961007 1669223152 1223616470
                                       2756667859 2820734165 3840164711
                                       137163014 3266629287 3470425596
                                       4135948421 3681022408 3956832207
                                       2176047408 2265677402 965656391
                                       3584792293 3140620169 1732506847
                                       2172116002 428509956 2333689586
                                       3209122693 1622638286 1722145507
                                       2959067104 3677654553 25612674 866645784
                                       3951361476 3167360009 399638866
                                       3249641348 2374297150 273431484
                                       2884201121 4075730239 1198104496
                                       2138359855 2726869749 3014367778
                                       696777974 102385958 4032971074
                                       2293386960 523814828 323949055
                                       3565667307 1458159286 3352429423
                                       1585780576 2204385380 1214228741
                                       144939446 1444686946 630633329
                                       3270853997 2025800398 513492359
                                       3889605900 1711041277 3702666055
                                       221376913 2038012600 1209464010
                                       3042048393 2507266126 2355784242
                                       534831679 2732532623 382485902 142294185
                                       3100282346 3527132152 1021659358
                                       3889155824 1410272547 3220398331
                                       1935285570 2381742696 2591010471
                                       698426888 1790390553 684368224
                                       1848929949 1019021970 1624310780
                                       2070716630)))