#S(RANDOM-STATE :STATE #.(MAKE-ARRAY 627 :ELEMENT-TYPE '(UNSIGNED-BYTE 32)
                                     :INITIAL-CONTENTS
                                     '(0 2567483615 180 1472049643 295511561
                                       376565222 1727224498 21853417 256521998
                                       3007136458 1967457270 2484483585
                                       1959257608 4077788037 1439880296
                                       3840974892 3388674057 1830932488
                                       4054606249 2678344454 2590269035
                                       604418692 3494671789 2862597575
                                       2005847870 218388464 1892202286
                                       634786295 3999407360 32480855 1080970456
                                       2148335815 3552628695 3082458262
                                       1448998355 2687722096 356462773
                                       2596242408 3605654465 1736991749
                                       2684352205 4192828215 3885377885
                                       4029949703 174000300 1109164736
                                       1355946305 2689312831 1219993736
                                       30009016 2815423076 1232043723
                                       3206437239 1042347047 1081320697
                                       333613767 2194038911 1876516841 71349754
                                       479573798 3405041889 1260180888
                                       1422297253 77915715 3229915500
                                       3082015110 4067041962 1428016355
                                       2067727623 2572912673 819508625
                                       2898438636 2203575523 3602075989
                                       687777667 245591484 98931230 2638054017
                                       2505863364 3325277513 4148621870
                                       624778942 210797717 1763589948
                                       1682615054 1188798409 4034516066
                                       2676911608 2875758909 662667738
                                       2040156845 3556927998 428541607
                                       4220271334 2035560562 2819915054
                                       2994082979 2755792981 2075531287
                                       2643227033 3140182175 3622817234
                                       1759061301 2306791585 1492236781
                                       955281032 2687839594 2291416065
                                       1856877093 1868280791 2060107554
                                       646416582 3807343588 3716293391
                                       2579392866 3587572825 3333004299
                                       1842065671 3227983643 4285443004
                                       863006300 371152430 1927136043 59519549
                                       973700371 186541665 1606404000
                                       2597086044 3567432406 4120391059
                                       3842008124 1899366067 3303604490
                                       3331534790 1980437169 1913944652
                                       1099589380 3823074585 2011456809
                                       2246748164 961383622 3493786403
                                       3885569451 4027335279 2036570430
                                       2656196688 1664565781 1972702972
                                       1144302135 3389228026 53194619
                                       3553694116 2506463014 1960012165
                                       2179773497 2818044522 388164926 16599283
                                       2135802617 3063906261 1320148777
                                       143509875 172122352 3367461962
                                       2296893356 1194972229 3479005705
                                       3638766835 812626951 2965062233
                                       3147141236 3672256720 2995153652
                                       1046307370 798295463 2765685475
                                       1979629226 2968261840 4010651595
                                       218690327 3692785708 5437282 1905832309
                                       536048059 3231542299 4081478122
                                       4223970502 1793235904 1626913960
                                       367210832 255066793 3835901517 1422323
                                       326683486 2821334224 373501132 360732598
                                       2480782946 3515050406 2071610818
                                       469834466 2171737149 2757665676
                                       1084379989 4004978429 2541349299
                                       1988078999 2868777619 1335749197
                                       4262059897 4187151220 255291840
                                       1103372086 254713164 2417322194
                                       1691539403 86083850 1259566730
                                       2719586138 2551038283 3748309211
                                       2274990644 1235649055 3009614923
                                       3015358853 2192874084 3663447870
                                       2719780875 2406227649 4176127321
                                       3454859367 1018978497 401618691
                                       3427963936 3581849609 4138140833
                                       2905857228 847258388 3541442559
                                       2010545658 3978385636 2067667214
                                       387901028 2117480183 3391774045
                                       132677410 3038281676 1183505043
                                       955720361 2110002096 3101016564
                                       3465272110 1234144680 3896123825
                                       950805136 79916384 799891330 306483473
                                       2047729636 2279973535 3630084834
                                       3120454875 1550043074 2402350714
                                       2676389482 3221793278 2262828831
                                       891126849 48545168 3200301179 2743097956
                                       151982936 1438898664 448797484
                                       2732585828 1873312864 4178153075
                                       2479059003 2720805824 1837614861
                                       444175345 8055739 132008734 2881683971
                                       3142379954 3752172918 1664230213
                                       2724628603 4011587218 3917831071
                                       1345125555 2619759745 2621718981
                                       463536335 3640521821 2733723106
                                       4128389133 3402679164 3553051353
                                       3168227648 2486785040 40563528
                                       2280325100 269386636 1020449707
                                       3011924563 3407440163 1535578136
                                       3292321611 177619724 1929604876
                                       185436272 3402125302 3250844634
                                       2655763437 1430468255 3992899802
                                       3052098185 818869269 1750188165
                                       1283543082 3284380609 4023726956
                                       1370758432 1175396683 481305369
                                       3544613960 4072583975 329681035
                                       2358370873 2190860989 3467277530
                                       3971376900 4031203511 2685041530
                                       309750144 1050692073 1751879240
                                       4286745892 3941483735 3299307458
                                       386140675 2051225795 1085239466
                                       1170952431 598921439 703057745
                                       3053914775 3926144175 3799610249
                                       2164497157 3407873428 3307288238
                                       3672484101 117614166 3129830944
                                       570530809 792264495 362906337 2514507003
                                       346709775 1381929488 405672043
                                       4135349044 893139325 3189408579
                                       153258648 1791777082 2449666460
                                       1362096617 1277684028 562478260
                                       249032203 3443751205 2136091315
                                       3007669998 571297724 2787598680
                                       1751740583 1038101834 2831985356
                                       4057704777 1105625773 581629713
                                       969626016 3276240042 1296795629
                                       1490331727 148689330 2217155878
                                       1902027301 1743521104 1327186502
                                       209249771 108284214 2886759411
                                       1310415329 448861592 1042481018
                                       2298446925 4179859876 1538000527
                                       3616845063 159474896 1468639892
                                       1212343656 3563548714 1829991361
                                       2256513205 2457650303 936414141
                                       910445674 1032179144 2765431882
                                       1874700717 3520682671 962291736
                                       2511388913 2151737642 3862934960
                                       1613536329 798506909 463934748
                                       2065530928 1157361886 1953617905
                                       2683905960 1828812712 1211133482
                                       1924241913 2053875602 4106021331
                                       3939061755 1946032564 3770361564
                                       873536550 2563053968 1636998967
                                       2757600078 1940154603 3105232936
                                       1559774932 3125303583 2676317970
                                       584168700 2323094375 620059885
                                       3749257236 2345076046 4059213487
                                       672858793 1821272059 1665915946
                                       1504049846 3333365946 1334445379
                                       4154443856 961172523 662292052
                                       2913969166 2347177479 2391314150
                                       3393721916 4075882631 1437299263
                                       1697199556 363526058 3688596372
                                       2221033676 4042050136 1744554095
                                       1834291383 1347310756 1857074307
                                       4066013291 1121981049 1458861887
                                       143814372 4143252290 460352638 396026918
                                       1620199833 2528737689 2522833444
                                       3075054873 317922783 3162354748
                                       372482452 3560262000 3781692953
                                       3095305009 3877318774 1312326096
                                       1190479814 2290308123 357885609
                                       1692074358 1243465220 1042957428
                                       1534762332 3377899632 3394191210
                                       4241504928 1883877103 859454084
                                       2534738453 2315971950 674424241
                                       2443689429 1772320539 4234066245
                                       2842080083 1941090517 4242026640
                                       3443940173 2981264235 417894618
                                       1272663796 2245590758 733612251
                                       3607780743 2571586496 1073330930
                                       1597785522 3824939929 3721505677
                                       1610853172 2065205768 1634002549
                                       1591148734 983586638 1649704048
                                       509075672 576655916 1934884867
                                       1701337189 2141605657 2308890641
                                       677363331 1469437352 2512382587
                                       2875902215 3963550151 422910819
                                       1328306021 78363671 1496037232
                                       2528028032 310200506 1694569877
                                       1243034061 1856965972 471955384
                                       3514932138 2437499126 669318197
                                       112171072 3039894306 4189463125
                                       2137905724 502695029 2264323866
                                       554257845 257527881 1896195847
                                       2187191226 1595704462 286536861
                                       1402034672 2013920929 499859480
                                       2406571627 1057934840 164098733
                                       4197362513 1473102437 1103074472
                                       19414147 3855368345 900285942 1347837696
                                       2028866473 4248763808 1903814291
                                       3099145450 2969577274 1131259772
                                       2759155698 3960355350 3406784814
                                       4254004229 3641912735 727340986
                                       3169647507 3377372663 1846379728
                                       4219414167 2560996656 4006520720
                                       2564366668 4084093997 4109447156
                                       4129779164 3594923480 3677722157
                                       896385558 367213593 699072060 570887579
                                       511903199 2345719089 3008823426
                                       3214489058 2970760688 1254787366
                                       1016852781 690160371 3694453275
                                       3040149011 819766143 2728519426
                                       2291478485 1058322887 2138194648
                                       1044417063 3236770084 975826023)))