#S(RANDOM-STATE :STATE #.(MAKE-ARRAY 627 :ELEMENT-TYPE '(UNSIGNED-BYTE 32)
                                     :INITIAL-CONTENTS
                                     '(0 2567483615 47 3976399956 728991579
                                       1773766386 3295356605 2843350385
                                       212956983 2962412520 1112269413
                                       2991415513 1640227584 1137901674
                                       620433169 1219387369 1622192166
                                       1248940201 3952694250 2840224115
                                       1818555237 715634661 1867937635
                                       901652826 1415659802 2782445544
                                       135526986 3595011938 2093934237
                                       4260064518 3612019717 2804029248
                                       10707303 1383029865 2446832009
                                       1722288540 3708225630 1412669761
                                       3407027871 2203513845 2581594401
                                       890935518 3935630992 1975654110
                                       2274535086 426518325 1366078972
                                       3857650132 3993885060 3499820274
                                       3987011471 1644480074 4268595865
                                       1956085749 2624244395 365496534
                                       2773199696 537075524 1691112507
                                       3287035641 757534338 2611086451
                                       4016132022 515612198 4221473057
                                       1327279315 288188856 2276355032
                                       2395089558 243095471 575839644
                                       1544002601 3909336170 1766215743
                                       2616589371 4180540422 3357097919
                                       1901080123 640875992 496206908
                                       3005499912 125209947 3180497839
                                       1653762859 105102889 2271729105
                                       3118054400 301168919 2586823542
                                       3337770733 678965588 2942052911
                                       3451950326 1887252661 2735101143
                                       106594041 392775339 745857471 3986019135
                                       1723599947 2881288954 1895803436
                                       4180457398 202300104 668959715
                                       3952128642 2160194413 523678912
                                       3623724681 3299341827 2584787397
                                       4218707198 1414051831 3527443865
                                       3787276384 2375020363 719886134
                                       745923601 343339152 3208403368
                                       3964718108 2655844522 2798424573
                                       4114731665 2160405021 1151342619
                                       468758859 3054634533 99542122 3226745967
                                       1905580913 795404222 1965942681
                                       556889523 3355853762 2720291566
                                       1064487304 897256927 1583269806
                                       1762584544 3391714406 4232173618
                                       1774539022 981801956 3145003894 80219522
                                       1240943733 2171181186 131349391
                                       3750877935 511691163 2039260389
                                       1772521986 831572794 1409810490
                                       2638813642 3580310064 338198270
                                       2693643307 861768241 161943311
                                       4055469423 4105135467 3392146368
                                       292791606 2673244806 200746130
                                       2733667086 3318024691 764586262 92362853
                                       1359285330 4264686099 931759360
                                       3917524897 1721869154 2141434381
                                       1669981312 817179157 3318748534
                                       2163433963 927543566 1301833491
                                       1302465649 410341583 3592199555
                                       2609828618 4041980385 17276062
                                       2578122271 1986695860 75698049
                                       1283315798 2052198044 2326304370
                                       454858474 2535026369 2197840518
                                       673635842 3124109002 2060696755
                                       1847664257 2620487270 1795212268
                                       1196601330 2417540815 3802932127
                                       3229566990 1111804401 2619278420
                                       1899131554 1154166011 2597156102
                                       3810733903 3081929064 1661918080
                                       938785750 2968655916 3506071004
                                       1504398888 191736330 1045541666
                                       4095004810 3827836867 2823578959
                                       3567883669 3329814772 2788393667
                                       1859278097 1662024980 893989491
                                       2413545306 2404198708 4243239278
                                       2288572827 1563445067 256819355
                                       930177963 1939222760 3445764319
                                       146055682 2285553445 431274231
                                       3046472276 2734293846 111838059
                                       3888068407 2949324173 399374480
                                       3190973368 3080574904 1977291603
                                       3896859156 3840522923 2370761422
                                       2952566292 1187794883 1342111036
                                       3880246374 3707380863 1764840814
                                       4209107541 3335409208 2391212836
                                       592280228 3061145661 414675668
                                       2135211044 933560538 2633819289 55130765
                                       3727723013 3712827850 1127179157
                                       412046806 3891109649 3339127604
                                       1922268755 4095633072 1530186673
                                       3283357074 292719083 1655075570
                                       3485670548 1547366446 239455215
                                       242296046 3225932387 4235999260
                                       2210949853 3930006173 1530214013
                                       817176312 2336382017 4109396714
                                       548138258 3605900577 2850665021
                                       3222492131 445755651 1879618963
                                       2557695981 1025812244 214655624
                                       507276407 3695835033 3675280394
                                       4094421442 1545058486 3058262082
                                       959920364 844375184 1254253241
                                       3290314096 1710907727 1674557587
                                       2595493095 688792591 3484363738
                                       1463032829 993035203 4254064201
                                       2234011536 847391794 1281595654
                                       3835636677 947743988 3320606324
                                       3503145213 2606025510 2275599351
                                       227913159 3410042858 3260498550
                                       943636946 3593775213 2750681817
                                       1103660333 1731166035 3358866099
                                       4216636053 2644116072 3240465970
                                       3524025218 611142804 3342757406
                                       379713554 4292096941 1999903335
                                       3978946670 3557504871 4115829985
                                       371660334 2268923912 10822719 730295428
                                       2755461517 1425459948 865276170
                                       226429348 2884763638 3284021446
                                       4281906193 1075004152 1131511517
                                       3506897091 931339057 411662122
                                       3279000715 3282084684 1141268009
                                       1067294317 818644396 701354144
                                       1242773630 1059440969 2313829643
                                       3743069998 1960071320 1660184112
                                       43334426 613894690 4096627639 2208326383
                                       2775436351 2907737163 4249053833
                                       2813429606 1159524393 1768619814
                                       3969809403 835739299 1411261377
                                       2428509362 1583440858 2173873076
                                       1349321740 4237784756 3935818081
                                       3311903882 2969009991 3519208269
                                       1130399325 513491960 3765317596
                                       966818602 3006493307 2408608636
                                       2298823464 196551810 3816027978
                                       2459837242 2617986815 1013285758
                                       2302078714 2575669393 2271628909
                                       1554555544 3514320888 1554092825
                                       3160628518 1352761911 1741967732
                                       1177005259 423368652 1015675928
                                       2258130558 1838812821 2599437294
                                       2271694035 4235585145 50748394
                                       2925109010 599233275 392328452 909321563
                                       1290300675 1615195237 2337400136
                                       2167682355 1956248784 1993990508
                                       4141159141 1444241414 312799226
                                       2873836945 3886060024 791546643
                                       1370853490 2912311490 3920120172
                                       1908970309 899665556 1479248693
                                       512215434 6283971 1969575878 3953309653
                                       2721373554 1124474504 1751187264
                                       3847739480 2477022729 845716603
                                       888226305 733950091 2478351598
                                       1535683881 2857078506 1571392849
                                       1166561289 471061739 1828166280
                                       3194497300 3232717685 759425255
                                       342162326 3522789075 152779364
                                       2895082140 1226720955 3126179005
                                       4284534046 2323478123 2268944706
                                       1642361783 601041348 3821126540
                                       3430698496 1913918932 1964284025
                                       1577940062 229923031 2322397432
                                       1854954063 1893795890 4023903224
                                       4046169284 750219656 1031193340
                                       3339398638 4024249748 2970601145
                                       4254487976 171930357 2685301205
                                       3877043899 1153596073 1982718278
                                       637624709 2748373763 200088010 336438760
                                       1685581708 2977505796 3605584186
                                       305226471 2204092348 3238241240
                                       1741975721 426464927 540262853 405405032
                                       2271343003 1973718739 3858698001
                                       716156427 2848825434 573517322
                                       4192216127 2454872066 4032856684
                                       2841617852 1261824230 3007722135
                                       138348319 59396836 2422027992 2664193040
                                       4207804394 181481355 987994028
                                       1125085996 2170276672 3682922785
                                       266799820 612227513 4215532566
                                       2103608098 2621796518 1814491839
                                       2827031715 3881620930 4127797039
                                       1565512181 2156438400 1751189510
                                       2499022500 2224221405 1113051896
                                       3843415283 27506476 1586182888
                                       1640102963 2040864171 1235371772
                                       536279574 2296765851 1293899122
                                       3940897932 1769593710 255764760
                                       3641307354 2998309382 3927811470
                                       306921765 354092385 2260603558
                                       2807351152 3223586372 2454932673
                                       211235800 377744003 214336132 1712921021
                                       1954261961 3620490577 2734105968
                                       4020917423 2065115239 303832714
                                       3203881979 1658836372 1793591230
                                       3063802197 490789412 315936782
                                       2790831678 2516357426 393683446
                                       823963245 1919921681 103970129 878249424
                                       2556583179 1007533157 308594083
                                       3961476697 4016661674 145198350
                                       2748832003 1369098244 3861430636
                                       1586774516 4168635698 3946890371
                                       502847545 2496828197 331592069 866306499
                                       3118585700 2566753586 148498483
                                       2445348501 1162874050 518549393
                                       3018203808)))