#S(RANDOM-STATE :STATE #.(MAKE-ARRAY 627 :ELEMENT-TYPE '(UNSIGNED-BYTE 32)
                                     :INITIAL-CONTENTS
                                     '(0 2567483615 524 2639426706 2987276402
                                       3389643429 4225581766 1271662840
                                       1171143820 1976742517 3271179643
                                       2508107128 2504091022 1073837677
                                       388246757 3608719846 2693196757
                                       2914707731 2208924123 849272086
                                       4283214734 2252612250 516027909 61549160
                                       3332157373 449303640 2585351240
                                       3488435936 1414773746 1629361999
                                       4040420197 1206094731 2862581549
                                       2564068027 1634377177 2863961388
                                       710450167 3848176590 2027718287 60317829
                                       4244809301 212181767 2488098800
                                       2248217753 512366190 1226811583
                                       2359951947 286574043 3794811316
                                       415515406 263240562 147124751 9742401
                                       3204231818 3716777983 379745513
                                       1196820029 1630044395 3481904248
                                       2409169865 418835806 355743603
                                       2909124358 3390431487 1490005419
                                       278583713 33064793 2830421753 26049769
                                       4222007507 3170237755 2346937163
                                       1658544499 1386236711 3222874642
                                       3548241941 788345368 1826378414
                                       3552236362 2381163006 2131203382
                                       4015271548 905683999 1728559686
                                       501481117 3215847346 4217410914
                                       4079830013 2990247649 2163112138
                                       1462498608 3368765675 1516435340
                                       1033438938 2547035602 2740558286
                                       1994626760 777734997 850602220
                                       2739143669 1811821110 333138880
                                       3005147923 2481685501 3165907559
                                       4096529847 827929721 1457601058
                                       711345886 3483785356 1555064682
                                       1806655724 965780312 326013196
                                       1667098786 504819573 2436122418
                                       4046199395 1087179077 2930355364
                                       3313985032 1479252339 1949221711
                                       3679298765 2963866047 3383590281
                                       4052293225 382795547 2649861121
                                       1951945282 4006660860 1784795965
                                       4084835904 1690021373 1320677305
                                       1627010761 1866499858 927668636
                                       684130029 2246590916 2797397342
                                       3774976934 3667738754 1203545868
                                       1844141175 3991181356 3965173075
                                       2283136746 3795230928 1839404007
                                       3259042380 3143493697 2823330451
                                       2429197547 2593331774 3333613819
                                       4112085492 4127431148 188032402
                                       4260347393 1527387569 2057127411
                                       808356187 4263786753 1977356272
                                       3241241690 1323306540 1435142817
                                       3249308629 3815130313 3928209896
                                       1298010648 4267232454 159268474
                                       1226286496 2547586563 1911965091
                                       1791990153 1718859835 3962446212
                                       1747561110 2898045236 15769610
                                       1760304874 3768870152 4113871388
                                       2980870864 1540816066 875199963
                                       2345780121 3382388145 1382704176
                                       1888514330 2365758730 3282303427
                                       2255039995 3014039777 3796461801
                                       2001756197 2212563459 740222526
                                       1918354236 946389290 3590313843
                                       3604334479 302606310 3416899573
                                       3006228081 194646248 216510053 93800943
                                       1588364961 3217881261 1086118529
                                       514061237 514795474 269534816 2019552034
                                       1550915241 3712959661 4039150819
                                       3982617438 822708344 3304712610
                                       269230370 1573884029 881172507
                                       2045920200 1154220916 3945895993
                                       806551242 781202790 1146109142
                                       2047810980 2633862940 1785368569
                                       2431086896 389472928 4247019839
                                       3968409769 301102092 1985892703
                                       1413309810 2372318885 2618244929
                                       210826355 3208398945 3461849747
                                       3190460987 3676538371 3788610443
                                       2642130752 2285240708 3443485730
                                       1021463480 4265180928 4094771695
                                       274857579 46315219 4202052220 2872111129
                                       3635157669 578429175 343266953
                                       2511819099 1766348569 449359939
                                       4038217506 991746337 790668102 710701212
                                       1784263378 1067026289 3971346111
                                       877386969 2251416307 1244143718
                                       2620755923 3541877942 4185554652
                                       1845151627 3934508802 2944318832
                                       2947823602 448620935 3073445616
                                       2996801300 955211338 3849938613
                                       1917283418 3835839788 2762587417
                                       1935125911 2264698440 1013294360
                                       1869482539 2435000821 2005257031
                                       4244462489 761578565 2488962876
                                       3376378243 2898041165 1233179754
                                       1875433425 1462722684 4159861262
                                       3806756715 3648282205 4016561399
                                       1999899491 2544577468 3399409933
                                       2529730600 2295119427 2936557078
                                       2349481574 1091778354 3963110456
                                       2038900529 1656796399 2990146539
                                       3243480952 4123302056 803241593
                                       1953783085 3711971547 1239559757
                                       3162918009 3496436349 2017307633
                                       3178488586 573781999 2170586405
                                       2595822961 2355362895 1337596712
                                       927813252 780331662 408129569 3579007439
                                       3030662063 2638128618 3476981376
                                       1894260080 3510389011 181823934
                                       169877756 1771783061 332636855
                                       3884097403 1095674291 3831382713
                                       3540762969 1902798120 3522623072
                                       3140005219 3941888185 2713447827
                                       579164467 3548906483 544664179
                                       2569848505 1508420964 1459587113
                                       2261640981 1443327934 701399967
                                       983823282 155927739 2566610369 47901490
                                       128476154 1652860689 1785663857
                                       2282666131 2551585046 360560791
                                       2329783121 2962266987 3400996317
                                       2828503668 3108272638 3928474788
                                       3776417947 3310072873 1386341041
                                       2506824382 2851872889 2480097659
                                       2138490447 4263554772 3509030556
                                       3786149132 3142930668 2337462119
                                       85391185 3746006107 805270072 238638159
                                       3162104071 1630542201 477886708
                                       803769118 4210088784 2378383667
                                       2924881919 671800585 1457477879
                                       1265515800 3035878611 418290917
                                       3319031743 2724334461 733167729
                                       592519131 2586624298 641221689
                                       2484308960 1767862696 1380249972
                                       4131707070 3040027726 3489757812
                                       2847143243 2556424328 1917918268
                                       1437239921 1861228581 3206999693
                                       533275490 11519281 84947936 572885914
                                       1182368351 898468867 3189863597
                                       3085754316 457022048 4095325579
                                       1148443751 3191819949 2288611268
                                       3960074288 3514116496 2560899980
                                       3839881425 553451491 3897828610
                                       706912247 723535200 156952268 1790492900
                                       495091955 1699861460 3038753556
                                       354666255 2525215203 3858331224
                                       3198075117 3357815733 1218470888
                                       778157297 641105979 3171226591
                                       3775268108 3532011288 1844805804
                                       3025747790 1598762112 517224091
                                       3602628546 1912945714 3264623533
                                       4144936209 2671105743 2995196153
                                       4150682458 2143833141 2906145292
                                       1944284045 4082225714 1571923502
                                       671821397 2256217313 2004572889
                                       3867387778 1001614954 3351871685
                                       1392670644 2983081673 3629849307
                                       3380057251 2234997068 4171553540
                                       3143624051 1339678555 312938387
                                       330437022 1676128812 1492122184
                                       2871982564 3110813893 959885284
                                       1955298583 3400165929 2673548690
                                       2424767379 2375692102 3130404859
                                       1396429691 384361960 1092591771
                                       3624282778 2938547613 963754989
                                       1655765466 1497376228 1114096340
                                       3080950063 397931025 3136926685
                                       4051959495 3364763001 3589063314
                                       1142344983 3468573876 3437483133
                                       3792322701 4204846556 2073833526
                                       931209392 1187572725 1158474639
                                       4199073597 697065783 47805706 409794619
                                       943240153 2160748109 3311507268
                                       1499558067 3932278536 1736997800
                                       707710393 4231156678 1905640270
                                       2209551548 4173540420 2352362384
                                       148122467 3004659263 952570649
                                       2390680360 278515451 2330753602
                                       802486612 4029983622 637254772 624161758
                                       1548392623 1858277926 1109316227
                                       1276783922 2083566755 741750005
                                       491426024 2852933966 461676684
                                       3547921391 1750540043 693720602
                                       2181078631 804848137 1690821906
                                       2112335472 917314111 1599826567
                                       1013348990 2015976529 388500710
                                       1382478505 1660812226 2406635093
                                       3174718497 3468727573 3120107831
                                       2155414616 3523778960 1900162852
                                       2609531293 1999428560 1206623197
                                       1720567704 350790168 8541464 326349719
                                       1749329122 4138490076 2575817905
                                       401330767 2211121169 1825426787
                                       3760585745 3777898448 3458113342
                                       2467340091 3337941842 3696407642
                                       2034214332 824899785 2093046413
                                       3107471745 213136321 3704932364
                                       2219593968 1949602564 3891617159
                                       3122309663 2936327365 2904385669
                                       919597314 1800424165 3435135273
                                       3393758920 1843696502 9465350)))