#S(RANDOM-STATE :STATE #.(MAKE-ARRAY 627 :ELEMENT-TYPE '(UNSIGNED-BYTE 32)
                                     :INITIAL-CONTENTS
                                     '(0 2567483615 415 845821582 160524971
                                       4209956436 908060864 2432777586
                                       3083082330 3217517199 60504095
                                       1863134186 3877760510 3586195942
                                       191208640 1539420773 4123277285
                                       731062831 3865234582 2924514207
                                       3917666978 3677924979 4237033622
                                       1959817500 2689350794 2715437073
                                       709368780 2461589656 1435992834
                                       4109796590 3160510075 3857015713
                                       1776187113 71807660 859259186 3716675103
                                       4083243303 2703091497 3902900479
                                       1628516825 3466527136 2212200607
                                       224371113 556704191 2573020964
                                       3288415175 3176613082 1993826291
                                       3788656499 2317211360 1909110623
                                       2820682785 1532148367 3582461240
                                       2043694555 845368990 2700157539
                                       3865198526 3753185325 593526469
                                       1927450025 1791915513 686432011
                                       3533800559 8437139 1381350031 947289062
                                       3739011405 3650374695 1046861806
                                       2492877167 477145598 1370540782
                                       3950356734 2359066047 1927344841
                                       3138163188 4290319874 3151344088
                                       3003313858 1444115448 1849816596
                                       2660356882 3504854867 2731652758
                                       3353060231 2976128849 3135242307
                                       3259035659 3885922986 1385451659
                                       2117833458 684653171 1400045515
                                       2906152609 2394833257 1862612338
                                       3317779544 349718919 2846102186
                                       3105493900 630074747 1352394085
                                       3687790877 1028740579 1661403071
                                       3055140234 2907113765 2990034091
                                       3364109222 1991828275 1098439107
                                       460863875 463405096 282118257 17644433
                                       2870033100 1126647386 3109400844
                                       4189598003 371626984 2292088331
                                       908498573 3811878699 2296402302
                                       1586871662 3701940834 715184776
                                       3678442370 1862241631 2239179866
                                       3481737876 1941754777 3616663847
                                       168206715 2940223938 3279140246
                                       1149440704 3745056445 1270750876
                                       206519683 3835910037 424026244
                                       1492617605 4116992319 4083290308
                                       3467288003 774675319 581938747
                                       3061842306 1168640054 3727680178
                                       1031537135 3732849195 1444781850
                                       2102775815 3463066034 881238625
                                       423201142 3724424912 13279617 1303764691
                                       3742249703 3548150008 1322580422 2861567
                                       2214591863 4038551582 2113438193
                                       2592147576 1037581266 2706576645
                                       585940792 1441974211 2611229917
                                       3394669301 1104172353 2312042630
                                       2434608934 1378604680 2360103610
                                       1035166773 1523255014 388423793
                                       2189460586 2756009853 2669878189
                                       1460520186 1101589404 661725139
                                       454830067 3728401880 149299583 724028315
                                       3540962002 288955162 2433764861
                                       2950137457 842802541 1159926992
                                       2262437251 1144381545 1392328598
                                       3247964393 1769929624 1050959275
                                       3479331571 856722150 3255751059
                                       1776626683 3296016035 3930220575
                                       315404732 780131465 736657919 1030522622
                                       25227963 2191621484 753472752 1551240388
                                       3892718658 1099680823 3652199552
                                       4156686423 1855555210 2448336403
                                       633385169 2413812808 866410638
                                       1536453404 4214523122 3207733690
                                       2626822886 3418301444 4198828787
                                       3169841577 1934421474 3628982949
                                       3875481995 4084273590 2306785698
                                       2949522311 3732098825 1169174319
                                       3083270789 1289243414 3308501348
                                       4154987162 1721246747 3871147310
                                       628469808 381962850 177298063 3106793491
                                       203689678 3409821746 2618469851
                                       2830143497 86787149 1732946735 453575919
                                       3699897178 1527030245 474492733
                                       3400322950 1270540240 3146495238
                                       1804140899 1017943838 2247395694
                                       4276730131 424758855 2777482769
                                       1087817188 1217142384 3749977074
                                       1268523224 2568975465 767705317
                                       3235269337 1632081400 1726509553
                                       2333417808 443494117 789529762
                                       3526372220 3185855558 256591450
                                       639137126 2094681858 3011734936
                                       101528720 2952482145 2785518100
                                       3073890193 1054732646 259546973
                                       3991445989 1351379707 2959661070
                                       1863654418 272648871 2130758075
                                       3492444187 1273397189 3073772599
                                       3078312122 3487973114 1492850923
                                       4075961084 2893541997 1064038845
                                       859046759 1102618655 1095999370
                                       2810174139 3525349082 2878277743
                                       2497454003 834101940 513783717
                                       2802699951 4089101942 1788226336
                                       1905697802 2390855756 1490031507
                                       562496717 4150253598 2154430440
                                       2926162313 3409523047 560873573
                                       1752758715 620091843 1294720725
                                       3544931901 1269074284 1966968964
                                       808704763 3008402353 719355753
                                       1145298574 1781592697 780438693
                                       4170734578 1344263835 1342441070
                                       1187173082 1128020615 1527242043
                                       3922550035 957039464 2236179694
                                       3357138010 1787303327 34886588 304240983
                                       1802736614 3767983231 1800337796
                                       3602029103 1404213522 4187109566
                                       2377294816 1673051071 1398400712
                                       1049242193 58606543 3722303592
                                       3157895787 333970965 2242861254
                                       1477109636 3719354674 3925506804
                                       3475488194 1740200165 985063074
                                       1903935267 1323150546 2041013939
                                       1532280530 589933051 4007870889
                                       1157656878 3785455222 4227643484
                                       2300547125 1870752780 2117547540
                                       1909862982 2772013468 3364954721
                                       2036442781 40152071 642159434 19796033
                                       4058776214 2993481362 2546214506
                                       3375798110 282835351 1071888054
                                       4131015839 1369973682 899773812
                                       1671061037 3622056961 3793334716
                                       2036007135 3407104460 1896845801
                                       33504281 1889902861 2869290425
                                       1503797512 2880450682 1713324903
                                       4124418728 559407780 2444467519
                                       2107809666 2221160593 3992843695
                                       3596890566 2294742424 1558147712
                                       2610144691 382155543 1881570457
                                       3038780202 1181459513 871114489
                                       3921457910 1729468779 2957215160
                                       1489269298 441438913 3867513179
                                       412250603 1960885216 4007696687
                                       2948842411 2531692340 1563369304
                                       1870669049 3641860602 4273626770
                                       3109122033 2282438250 1044053606
                                       3363798623 4042070033 1539533390
                                       476894029 3609069289 1483884239
                                       3116095860 4172144103 3546779403
                                       3073713202 3207730906 3422022827
                                       2393187226 3826154902 78856716
                                       2938497360 1307928167 50876153
                                       1260807567 865494806 3515708092
                                       3910516095 1043412617 1250343493
                                       3074862252 1055887524 4263349228
                                       2083788251 3685295901 3558925533
                                       74811709 2570723286 1607593961
                                       3263666997 1972352579 3394403563
                                       2352312493 4091448849 1925589110
                                       3792825696 2938344802 1458908037
                                       3129412509 704246745 1713806126
                                       792722413 358481170 3058085651
                                       1965902445 3538567019 3139434494
                                       3607846669 2012945020 3185327843
                                       3296160669 3647286767 879756482
                                       3061737245 2803940473 1554194533
                                       32515668 3630732861 2864908015
                                       4002919711 1314008770 4267956544
                                       1447453686 1996537325 374313560
                                       2608641240 1193742323 3216607697
                                       3196772001 1790914085 3257767422
                                       270701964 370095041 859461244 4114910110
                                       1961520203 1815313391 305799752
                                       1660869221 2454074475 2040368138
                                       511291247 2929562606 3968751395
                                       570302365 153649038 266110505 3665134770
                                       893621457 2398848511 461561139
                                       3582870361 3892588796 1147552047
                                       3056144601 130713842 467290266
                                       4254547357 1191391471 3862474128
                                       3689191053 2134261207 1291103796
                                       235239000 1736468095 1282634410
                                       1948529215 2208550204 2782111590
                                       3473822900 1259199782 3530754784
                                       3517326855 1395223872 929426139
                                       2184793763 1865514536 1877705430
                                       2932515300 1524253044 3832173120
                                       1749738149 3885394687 1618904197
                                       1235937731 959904142 3546896701
                                       4142228713 4108763852 983940960
                                       4035662221 3121888443 3842950521
                                       2035595743 481036949 512731667
                                       2926747705 2865816893 3650422539
                                       2755471970 3473824710 3711720038
                                       519227169 1870250714 652845518
                                       2159539176 3435871065 470621895
                                       4041833950 3773664921 2915157780
                                       1391735824 3067459412 3190987765
                                       341738302 39813508 975376991 1061119114
                                       2075938713 3005601168 2140764910
                                       3881017732 1924097469 2792768280
                                       2208362673 340629309 2388244266
                                       2206655706 509955327 249299538
                                       2874801621)))