#S(RANDOM-STATE :STATE #.(MAKE-ARRAY 627 :ELEMENT-TYPE '(UNSIGNED-BYTE 32)
                                     :INITIAL-CONTENTS
                                     '(0 2567483615 568 2049808536 3340579727
                                       2755194044 1960400977 3954515928
                                       167822065 1391866941 428328235 539248512
                                       2973213095 17715035 1752098793
                                       1856778859 1214478086 1683227847
                                       3786072970 1771921857 932848883
                                       1108547965 149508026 3851213104
                                       3875491322 3530615535 2632151063
                                       772934454 1768994842 158795021
                                       1747419136 2893793805 1650989749
                                       3216726334 653279903 3581762396
                                       3211390586 2474451364 2835928823
                                       1303226477 3610001886 3019328790
                                       2420878205 438222577 562046102
                                       1321144719 3815445124 516351636
                                       3705762404 4287072898 1410839435
                                       18539854 301701454 3722153325 4252909372
                                       812717799 2667389461 3686428936
                                       1558188748 1261610159 4166261079
                                       2382377445 2818181609 3185258466
                                       4131975594 1691098705 1784746704
                                       3153135796 3400022541 2224206243
                                       3404520402 2641056743 976948951
                                       1390967649 2117388111 3338223817
                                       1237117536 1666102157 2364751444
                                       2930950415 2784415943 2784030382
                                       4192038555 2230139234 1222497903
                                       3368955013 3437059277 3139369053
                                       2832006334 2121424716 312089191
                                       2774268375 550161494 1768301113
                                       3228912983 714947393 3996999428
                                       1384297468 3223117338 1928619172
                                       1095179176 3343181912 2699405343
                                       3227770509 2859488143 568899544
                                       1897705168 1284825192 250887513
                                       3174737880 3336410632 2225112729
                                       4070294733 3327823554 623058546
                                       2906033681 895713073 1912562415 89679322
                                       3436824652 1733409860 308382941
                                       2413691183 1579012133 2599812035
                                       345057028 1972405619 1206958910
                                       1446696195 87576706 1645917451
                                       2821294911 1599268108 2181358503
                                       4111373117 1269550363 2799927193
                                       1122839153 992029335 2991167669
                                       2499486510 2552200026 3680385045
                                       3347747355 1217891521 2426978172
                                       2414376118 2818360695 2705680610
                                       1040445850 1753074513 3626737818
                                       516300878 3135597667 3001675442
                                       685048629 811853990 1862097826
                                       2247398624 2922470234 762167275
                                       4291277408 2512050031 331068144
                                       4023212163 1768149666 4017097911
                                       2956978351 1997854411 2751321734
                                       987698670 912786622 1338996655
                                       1326728012 151288738 2902536401
                                       3041758265 2816341217 599210831
                                       3750669980 2442623701 1093199726
                                       3378112919 1713621129 2486762026
                                       1317964581 3987798466 1888930916
                                       29068297 979017266 3681259447 3127446762
                                       3748738609 2988938937 348242254
                                       766138674 713564379 3627349899
                                       3985962285 3074897622 594719327
                                       3957802945 2810459352 2795008651
                                       2189884803 2026843948 1985913317
                                       1267051641 3004057542 957383594
                                       2566910544 3420761294 3853342854
                                       2312168256 1172157801 1660433116
                                       2635913741 3980650302 1025008169
                                       2269731663 4047765682 4090012072
                                       4194428743 4270771681 3221275565
                                       3474715065 3862496711 3824868576
                                       2260652450 828900180 1493399711
                                       2057723313 3626109713 163572483
                                       271532991 1226469483 2811747929
                                       2772179693 4243403021 1857677912
                                       2220325201 1955001823 1824094822
                                       2107973079 2632191926 1482376198
                                       3863542503 3322507906 1119482371
                                       2031743972 502878496 3472514518
                                       3966361633 3431303011 2338038591
                                       3577387755 3126928740 1199469661
                                       2052434502 363363139 616727716
                                       2127447090 2009015604 2085894906
                                       2847494396 3337600094 4186193146
                                       1854341512 1148384111 1518474104
                                       1011069070 2045911467 3086862239
                                       1050254870 2189785493 3634363553
                                       2794822963 1182003275 1224681078
                                       3747951751 2722966941 642436778
                                       2820628667 3677213042 3120296230
                                       1903916329 641541836 1773715485
                                       523429518 2464181901 143811403
                                       2232833418 1034391722 657679698
                                       2500578980 1513354410 2074919153
                                       19252613 3085084434 2774766125 431676783
                                       2416801944 2143230005 2207593364
                                       3723302187 1338583571 2327005282
                                       1991237698 2490892059 2766423400
                                       1878050105 3585139527 3888114424
                                       212085257 2148347500 2064164263
                                       4116867272 1392146284 395053928
                                       2161955487 351462244 3583812185
                                       4131947462 1334560621 1550966379
                                       65400163 3041488559 3279488606
                                       4253480800 3588180989 2603488545
                                       2210627672 1652017506 2023365917
                                       2469176693 2707663184 3523590330
                                       1123487728 2952363492 1602524763
                                       229227012 79304082 4179393645 1878155492
                                       454615623 3972465300 2177465743
                                       489055633 960815797 4057549516
                                       2498089618 3507354924 1205095213
                                       3023941035 738051583 2772289760
                                       1821006582 1622667496 938548567
                                       4134698241 3539050218 2707924541
                                       90178194 256395365 466319587 2267024406
                                       1402052557 1603946808 305600560
                                       2322229540 1057474316 4042018604
                                       122965115 702750921 2721133102
                                       3891851611 1345092798 4226629816
                                       2277400854 2867709579 1661017931
                                       1909087225 988744973 2770856894
                                       3896604983 1344439187 4203198656
                                       4088669766 2552830088 2823036607
                                       1880800248 2178442531 3916931880
                                       3163698509 4180371318 1809038146
                                       1817719747 2390964382 3401791909
                                       1553791714 2989840193 3699141228
                                       2936146614 1683670056 3088693716
                                       2889836378 881364448 315412429
                                       1363304842 3238749578 934559766
                                       2720748428 3168570847 1049810152
                                       2679041316 2141426919 619712369
                                       2729251675 131211332 2181045799
                                       3042564242 957899850 1425969177
                                       1530026107 3356447469 3406596991
                                       3857573303 4057649448 768736988
                                       2563433026 2238256497 4016974115
                                       156100388 500423039 2683748971
                                       3519953035 4260134042 2576401275
                                       751968919 2008295083 308023789
                                       3042368194 3308042329 3106691567
                                       260418510 2855585081 1814471178
                                       1067302594 35109137 3422580709 782818322
                                       3638481577 2021266554 1922024635
                                       3805548942 2910380869 4119495709
                                       2907957917 3902781492 3322988138
                                       4054501763 3613586136 4080017928
                                       2161576092 4291129767 3678285218
                                       2612157798 2704295475 2572811224
                                       4203794105 679383856 4030082429
                                       662723189 2415056283 2296350662
                                       3811809539 3039460845 74708343 811125283
                                       3854837501 3135190628 3001147578
                                       407459958 2143155789 3592085750
                                       3447631752 2010923043 186354813
                                       555128571 954003217 396089463 3876389099
                                       1100712848 3025113662 2649981458
                                       217352695 809085643 819529339 4057289458
                                       1074572111 3679981121 3764014129
                                       297639760 3079393130 1707038357
                                       1924749935 1852452694 2805208037
                                       493781082 3107971064 1014059223
                                       1053484212 3467559398 1738464702
                                       2293518104 2977056534 2789457676
                                       375175330 860268988 1201939116 997259640
                                       3398257955 2461892869 3290626980
                                       4260410614 2569272329 3882035262
                                       2629794032 4110805816 1277880589
                                       2223940087 670821856 1474048072
                                       1543006330 3943476570 2536179200
                                       2362270517 1273304781 1502397970
                                       104688388 2070021521 4204851099
                                       801272975 2756831436 3491281011
                                       3432597247 4078300966 2442426640
                                       2556359576 1341422693 2484651139
                                       2522015860 3679807109 2415718575
                                       3514263198 2086996973 3170807238
                                       1178009688 2341784822 2065476467
                                       2309612629 1801833988 1498347663
                                       2296752732 3806741903 1691949860
                                       2182080795 1539956396 633349454
                                       3980800234 52431610 2799767040
                                       2374214305 3642154398 510987150
                                       899725345 3847337590 4033379018 36866850
                                       221802792 3225435799 1680094210
                                       1846171324 1996124667 2190590485
                                       881994056 698975520 1644790358
                                       2412428668 3324649998 779520970
                                       316087992 2990444140 3523854469
                                       3667076500 294142559 1357099472 55277526
                                       2209858227 3182303890 3759047461
                                       18215694 1812212164 1638134174
                                       1389399086 1418012324 2395005844
                                       1077748872 3100653683 1403891373
                                       2859950977 3576020076 52552131
                                       2568006407 443287587 1865022658
                                       1922335695 1238634396 2284573990
                                       543480587 2446866092 871889528 319822665
                                       3576728744 2557585307 1911036741
                                       562706094)))