#S(RANDOM-STATE :STATE #.(MAKE-ARRAY 627 :ELEMENT-TYPE '(UNSIGNED-BYTE 32)
                                     :INITIAL-CONTENTS
                                     '(0 2567483615 428 2868537831 3771450823
                                       1067717827 1416639830 1759433173
                                       752134594 753959512 2985145688
                                       2465670904 2199373191 4049230241
                                       3615308257 2214774000 95765775
                                       3326162804 1968524656 3967953249
                                       998763148 873944606 1999322184
                                       2699060210 1623045510 215682677
                                       2408274620 4253434096 2754086436
                                       2559050318 3672398801 3430903357
                                       3161912578 2713042576 1791126470
                                       3255337443 3610396949 1145950718
                                       248248540 2368636910 3886284496
                                       3594374989 2361802265 3723727861
                                       1844018480 1985018726 2614718549
                                       1454289325 3334090446 9473863 2079477269
                                       3245728536 2502863095 2634423240
                                       3259730640 1307893065 2351577780
                                       731878218 1889714005 2529825438
                                       3540863779 2444503942 736147386
                                       2069787021 757409240 2834478476
                                       3152712421 2370293376 772353667
                                       3821401142 420630573 4250310753
                                       4221353158 423585956 408794915
                                       1778491125 2269063087 3224663725
                                       2800509639 733693143 759036778
                                       4258832385 3392175897 943275794
                                       2959769126 2484851601 3106947856
                                       3180342707 2765289441 768635663
                                       755622929 1140069170 450260573
                                       2595223906 854146042 3895396660
                                       3099454767 3653198827 249033943
                                       256369118 448814754 1932469392
                                       1007812466 2246516798 44945729
                                       2049180616 289678132 2077673996
                                       611222092 3176849146 384982776
                                       1980726434 578785991 3787441586
                                       774041608 3174959841 1667341992
                                       3432566133 2384146411 1556164226
                                       343624699 835774468 1537735938
                                       2585246881 3146056989 74923656 854812329
                                       582817125 3391830327 3134794625
                                       3404101659 3003990847 1318931589
                                       140275852 2508646828 3970147663
                                       3596093070 1822142292 2222806050
                                       3050000792 322448438 3853341701
                                       1815600413 1555299295 2399965214
                                       3238059061 1179292525 3234308338
                                       956153446 3871129971 3224167072
                                       920382947 3426977401 2719160042
                                       2485730073 1536052802 1321023998
                                       3299480186 3911285013 3392557804
                                       1832779139 3843512560 3313822249
                                       882993017 2982770007 485367357
                                       3189840916 472933029 1926635059
                                       3251875525 3533403570 3345936304
                                       411991613 1465865884 887744272
                                       3879801598 3065906518 2291245628
                                       1756343501 1603378270 2965615684
                                       3605458767 2687966596 4253876097
                                       828166583 2802497553 1684413790
                                       1788486118 3791045 673793331 2113770067
                                       3203432042 2571121783 1696334911
                                       1762588611 266107474 1780303665
                                       2642013877 2625580251 2653856772
                                       2248477957 2041878247 2225912999
                                       2723673303 2957487069 4012340297
                                       640772925 4215881903 113645594
                                       1762700443 1640250803 2250989530
                                       2620988134 2779345142 2016909129
                                       248395580 4194570086 1341885114
                                       3023749042 464178144 1256270626
                                       178614300 2640612407 414036304
                                       3338531638 1284677702 3246511514
                                       1174423027 672540360 510515912
                                       2405311665 577698765 1930556498
                                       1099693728 91060422 2050727191
                                       2650735163 679184804 335883529
                                       2232802903 3311993036 3027498589
                                       656205676 1230875746 1878829727
                                       3487534763 992067498 2338829054
                                       3132039472 2809432712 1714801275
                                       3297706949 2092172305 4037677923
                                       1789995799 2805204324 2281076912
                                       2557603328 909015436 1812855824
                                       1192470519 2412018629 1285318233
                                       4172745146 3486481928 301426206
                                       1115161067 1529213619 4139972299
                                       3019826220 642258134 3290298851
                                       368207550 425374881 2809289005 47514982
                                       3751579443 1976873855 129796744
                                       576011304 136498061 1223604462
                                       2241111904 1653539284 4028366632
                                       676795317 1277032210 1274155564
                                       288214374 1469832492 1344115842
                                       1919677884 2656305026 2515475810
                                       3810322090 2995895667 839508930
                                       1736039199 1657129887 3290827872
                                       4230791867 950317725 2895531013
                                       1405871429 1402817461 2480285881
                                       1248775775 1755959548 1380550576
                                       823240354 1441400035 542077806
                                       1688205101 2172726665 2398455073
                                       4159383518 4291186979 3243261373
                                       242216276 549655605 1801699833
                                       2701875011 4069648745 2153175653
                                       3926186005 4120349637 725736858
                                       2535860904 879785984 3516988534
                                       2500108531 3412920395 1358685221
                                       3908244179 431966221 3651019066
                                       1780203660 849955461 206169948 715257501
                                       1645954676 471722316 4226195226 41767142
                                       1122243975 3583472316 1476051762
                                       606421744 1728409310 149861939
                                       1802716249 3241259680 2777279569
                                       568545446 113059003 2096995250
                                       1890987139 2638654141 2802545707
                                       2353649469 753879608 1662684422
                                       1199190478 1358157894 515583474
                                       3860463204 335687569 2587554657
                                       1199624058 4022762746 1928084977
                                       2441894876 3448557056 161832102
                                       621773461 380716504 1805170592
                                       2548160076 2851916144 3682188113
                                       2738908126 1918802945 1206776213
                                       3692031813 1059431664 667643389
                                       2669615787 1442285877 4110769857
                                       529089140 3606958303 65506171 882512869
                                       3650227260 3053047218 3771875159
                                       84650042 3101642167 1220940470 500656237
                                       2596794584 1985253559 1613539253
                                       57332160 1169728546 275971383 3311796587
                                       2525031714 4141117828 3314863074
                                       650379158 3561965603 1805717945
                                       4022091721 1492381386 1269106062
                                       4175870725 4098405765 1747946496
                                       762549041 1497484264 2781134170
                                       1403433598 3158287703 3017132495
                                       2883116224 2246355158 3587628016
                                       1426711931 576806442 3263122455
                                       1768621410 1247774378 892431664
                                       3384295465 2822635944 3109380427
                                       3062684732 3939886516 1284253735
                                       3742313410 3055421858 469944202
                                       1363169165 894181120 2776847847
                                       2560855397 598183622 2018868089
                                       2646213266 245589756 2412216803
                                       3297920070 1606937028 3470781923
                                       77935717 2977669861 847025468 1695953590
                                       1605719097 3489668299 3143549483
                                       3971465734 3460478855 735089826
                                       2698835324 2424912841 3136615905
                                       1806445138 2032758391 2645677232
                                       2147499700 1042303210 3424117262
                                       1762124884 4152774327 2960270385
                                       2016184033 4048575467 277467518
                                       3679838154 495673257 1383715720
                                       2350515187 3199349469 3259360829
                                       3619751361 396033128 2620745415
                                       146513902 3796113174 2767228477
                                       2538390874 1547722879 3499332628
                                       3578458068 125881882 110365864 928593054
                                       3564399741 4175636608 1698416348
                                       279225353 3871291488 2241026265
                                       2030581623 1154643953 4088847746
                                       3090592386 1162739451 4277462110
                                       1356844948 3650275490 3595849205
                                       677825628 2160016461 2808597643
                                       3000682374 782413919 3181513926
                                       2978248022 285909280 1808927339
                                       3271584140 2374991723 2964860663
                                       2982975775 2367403942 3295388241
                                       3514443732 114425565 1288964572
                                       700890241 722612761 1534835000
                                       3595360156 2957967896 635965700
                                       4245487133 3478706106 2337041960
                                       1472572292 183879288 2885140960
                                       3466350209 5453123 3507104517 222160193
                                       3965349745 3730977916 1867674586
                                       1352708467 3791388926 416116021
                                       3960595047 352075370 1622445581
                                       2965247603 3531802296 1546075627
                                       1367444507 2147100360 61805057
                                       1708907137 2396871025 110746739
                                       2459634965 3066935879 514806640
                                       3742941569 2311999736 2352507711
                                       4015078786 3445510219 1222161777
                                       2280077658 901501180 196662388
                                       1160947587 3349838020 269396487
                                       3384254594 431599785 3293194164
                                       3736342257 2196889246 876938449
                                       3164379556 3445132903 125161304
                                       3789422305 2834308099 2494864128
                                       1821209010 2482741555 1273524129
                                       221611081 3534766297 1179724211
                                       1053883158 1533283352 1879430011
                                       2530790480 3770249582 2990495090
                                       3620022295 1009440289 1879423749
                                       357626250 1823348646 3193912927
                                       1874980552 4243213906 839050600
                                       2759675527 3630293421 3230878468
                                       4221105234 3928514976 551351050
                                       2741691395 2285334965 3861933716
                                       3595722382 931653066 2207116609
                                       2443373633)))