#S(RANDOM-STATE :STATE #.(MAKE-ARRAY 627 :ELEMENT-TYPE '(UNSIGNED-BYTE 32)
                                     :INITIAL-CONTENTS
                                     '(0 2567483615 392 2334969559 989307593
                                       435150027 3201256069 638909314
                                       3728936113 3091425757 1888123402
                                       3962350706 1858305826 3359749960
                                       3042998162 747706494 152266619
                                       1819646396 3082868593 3903837660
                                       2240030122 3233542765 3414176563
                                       156605331 1674294182 1605166143
                                       3056480334 3702340791 865680613
                                       4052341845 2934414019 1916505198
                                       3479948705 3549371958 889605618
                                       2469701014 603761444 223013729
                                       3715562682 2181573335 3973822289
                                       469077670 1219271007 1669621379
                                       1807519913 3635992648 3823720417
                                       4275296114 664632873 67910199 2588646205
                                       2032199632 2892855162 2465349326
                                       2348442444 439780649 2227931614
                                       4073342882 896016627 3178218569
                                       3287106353 2701979455 2162040526
                                       2928975050 1613809533 3480930468
                                       2676644432 2302865678 3539275901
                                       2557115880 564146694 1557196820
                                       3739097811 646255127 1004205835
                                       4152448268 854773928 118178948
                                       2589024588 2796033758 3802354013
                                       236096295 3383350354 2374302643
                                       2532331277 3180149659 4192633119
                                       713252048 2651412443 4014349300
                                       1200354962 695841466 2905200445
                                       2701026582 3082894999 1831246404
                                       2849525158 2143627463 1826605161
                                       1532189035 1367586321 2428709663
                                       972956442 1537241446 2295952356
                                       3236523853 1742639604 2965455354
                                       942990720 4291226769 154284552 513705899
                                       2431628652 1604439854 3103361334
                                       4196919467 758071992 848440521
                                       2722140356 2317449662 2829555882
                                       1707019188 1301942373 2300951996
                                       2456717954 3463119049 616271970
                                       3089310645 3024374686 1991028326
                                       3861501839 121353195 3375997476
                                       1875674894 1904723305 4289605253
                                       1789202718 2429879789 4208010364
                                       1413290301 1845499723 3963387831
                                       2596920437 2606223083 4138534141
                                       2431216308 172000975 2349039819
                                       3345523859 426067203 1239572190
                                       923563411 809402640 3163801081
                                       4098032643 898546761 2491142591
                                       1266073768 2572495816 2408944557
                                       2704932554 2631992568 3385882666
                                       4046901269 815268987 4257493318
                                       3026717950 360895169 1665342126
                                       3026185323 2673175041 89965862
                                       1104576868 2274605307 1572538003
                                       1594673579 954164961 1267591629
                                       3498562329 2229050545 2005325335
                                       4167013761 2117704946 1345975809
                                       3642714182 350156738 1320337808
                                       3369246025 1858800708 2095091955
                                       3548910069 2656863883 306937249
                                       2208100393 1207775464 2967207441
                                       182789412 3170996306 3466720093
                                       1158998382 2286757681 1694770505
                                       2575566119 3556452478 4165406380
                                       3350547952 4058992835 1320540889
                                       607088575 2327122186 1077845422
                                       1507287518 1868496789 1100084142
                                       1784227580 2421405876 639679657
                                       2476573619 1161805886 3772249476
                                       1488950879 2033504384 155570383
                                       810844871 1350740427 2530777344
                                       1802986005 3076790508 1447244602
                                       1845866945 1558671336 1749018397
                                       2445814329 4080543691 2867520444
                                       975013251 3227674901 2395744006
                                       4053936601 3051093242 767988514
                                       2000828575 602370825 2241133595
                                       3222861999 287701095 2085538169
                                       2937223155 2309840176 2090932211
                                       2809683387 4227829648 3758161276
                                       3012012331 3838213967 804377657
                                       2738881626 3939800254 2064606179
                                       3904494968 3850999507 1622844400
                                       2575067966 2611768024 1998874141
                                       1505418586 901519929 2038003980
                                       284112529 4001740417 1608248973
                                       2450064548 2911094516 1700323962
                                       2766525244 627539290 731922561
                                       3062664409 3545314546 1288176792
                                       3271588432 3460031020 2461098001
                                       2191850987 2030128095 1316161390
                                       3670941633 864829705 783410743
                                       1976162914 634543777 806370903
                                       3404247868 1581573866 1835636255
                                       347552553 2040893240 3870201770
                                       2620146738 2190688418 2184320366
                                       1418091500 1870103053 827419064
                                       918299184 2487424196 4180743410
                                       389097999 3793137847 262460735
                                       1448144376 3072453381 192865450
                                       1642812753 3294938620 1493063020
                                       1962117230 3669834352 10484964
                                       1585550320 2667010004 1561956238
                                       3352844841 3438350971 324892514
                                       1350494304 1200298245 2893099548
                                       1815735852 3769399926 2005817318
                                       4003106106 2530798867 478996071
                                       1080230013 2430124784 4270959932
                                       853269038 1815617802 3592267629
                                       1437412621 3132406607 697828492
                                       1946542376 780590649 3091479888
                                       3089085999 1170309340 1093207764
                                       3204441386 1097505592 2742917193
                                       3475149026 1406093824 2961495134
                                       974377170 4073922804 3358117717
                                       1304035011 1026092998 3251324020
                                       1193083544 3970550956 2669118277
                                       340965801 1571990366 935451182
                                       2485206840 4031199521 3885624612
                                       4150860469 2438292264 2602340979
                                       384463705 2322943140 4020689161
                                       3613539342 3106950039 3110460183
                                       3110875068 1193571595 294339312
                                       1462815551 1440820647 3610836203
                                       3482937104 2809875270 2155126177
                                       1929432037 828350255 2825877498
                                       2853141235 428364697 1480359503
                                       756416887 3359077094 2875740171
                                       3547234115 937271684 1616324037
                                       1823828555 3893846759 976198418
                                       1100753547 2716062352 4133628624
                                       2846196872 1456594710 556694449
                                       1054111927 3720705247 1183183920
                                       1767350776 4124920433 2896206549
                                       2953152884 3266651725 3951158253
                                       468046269 3500834408 741216567
                                       3444788206 2892295071 3733789165
                                       2363637304 1783243876 4000864386
                                       1201420179 1539386959 966158423
                                       589002762 84141242 2306442975 2476884074
                                       913567249 59318741 393197541 4037165076
                                       2662060830 1523604174 1902219224
                                       3440725917 951624337 2406603143
                                       1086995798 1748789445 614503805
                                       372709785 4115432919 3152411829
                                       2903227965 1830801209 367866540
                                       3551686040 3328441314 3130286113
                                       815399785 267993688 1172456962 387837395
                                       1938896279 1921395736 66824731
                                       2289384111 1076390998 1082841589
                                       3643785443 1923080460 1553355900
                                       2211739398 2441011389 3746585176
                                       978522841 358166506 4184213754
                                       3995960979 1053083748 1439036198
                                       4111896296 3357699530 3395862200
                                       1735310862 3314378785 841347712
                                       3041110116 2680720630 205384491
                                       999971301 1102701863 2851165324
                                       1791562825 2895870358 2386489886
                                       3715007086 1594757844 322620046
                                       3964928894 489686217 70574150 401735564
                                       808850304 1669646107 2077816430
                                       1604888680 2521361471 3948969188
                                       1383570611 2993188596 1501496586
                                       707148766 1919932252 2054208969
                                       1967666722 469115817 3930642375
                                       742449612 3811365366 4100675311
                                       3777173874 3124032101 912748570
                                       2842802679 3347864260 4040763438
                                       473841236 1037875891 189961082
                                       1422656552 2574521453 3978686584
                                       418047960 4172703490 398469502 991747250
                                       3304646817 2185694460 1885328534
                                       219803935 371473835 2627185375
                                       3466169402 109338668 1705459378 5371232
                                       4093010854 379170066 1527095946
                                       1819472430 471326775 1166218742
                                       1728959774 1054654334 121288044
                                       3654028849 307261642 1029971899
                                       2131344030 571266033 1979321865
                                       1298165495 461364683 1601619399
                                       3406612729 4176420157 2671612662
                                       1561817958 2795196135 1620167576
                                       960743872 1738089561 4088968776
                                       4073223084 813206269 1966903693
                                       4065688562 4279499795 1150723697
                                       3646937686 2673219262 3135011406
                                       4047684890 146027031 45463762 1113292435
                                       2383965595 101580736 674941908 833864086
                                       3650347813 916784037 1751405923
                                       3978937654 1530083120 2863254282
                                       3939560537 777258908 1403199356
                                       3431653371 2183760162 1553970339
                                       3509434475 1663219374 540163654
                                       4204272560 2929786721 1682013797
                                       1212495986 1314709634 2035332899
                                       1344624605 3449601300 50554831
                                       3025578396 3010937569 2385264247
                                       982228161 3418695594 88590636 4251974928
                                       2424887846 3956653009 111128393
                                       256736006 1721835572 1228280705
                                       1493763903 4241093233)))