#S(RANDOM-STATE :STATE #.(MAKE-ARRAY 627 :ELEMENT-TYPE '(UNSIGNED-BYTE 32)
                                     :INITIAL-CONTENTS
                                     '(0 2567483615 237 3619996796 3864134962
                                       1039256871 4054655702 1208434917
                                       3285597783 1386421425 80577420 982338199
                                       3821449908 3299073774 4206110497
                                       1614306597 2529128803 3194434582
                                       2887819731 2138748657 2062414672
                                       170939227 2582637735 1755402732
                                       1255748024 1597347490 2167179999
                                       3504571254 2623975383 20057456
                                       2967815521 1311869403 2282766677
                                       3755241994 3326142126 4055633424
                                       4243581254 3220985697 2029918128
                                       2329894331 3286368518 385506532
                                       3236234240 212442461 2190928912
                                       3071761090 2127685361 2924462256
                                       1507115177 2345083072 3986164637
                                       3179378628 1088114261 2398535839
                                       877899037 2049785565 1155754999
                                       4225478955 2907018358 4194678919
                                       1555613325 4130775650 1926700668
                                       3214138276 1320401077 326730344
                                       3355652798 2851290505 1030689443
                                       2650280511 3118538207 3156433072
                                       3122707358 493306744 1190966007
                                       395584872 1311481391 2436691872
                                       1821606919 2536204565 918380577
                                       815266331 1586401470 1880316977
                                       353514240 1398512809 580000282
                                       3448810611 184976013 478600024
                                       2429264445 357997802 956691747
                                       2792546370 3937594485 1507452359
                                       729868266 2015755079 108788675
                                       3136088986 1816408054 1352428392
                                       4282851099 3517889140 1941666793
                                       3252775980 4290957383 265200935
                                       2905334396 2960451252 2592989019
                                       2530284507 2575983064 1644511557
                                       30810571 3737191944 3599298265
                                       1157262512 1957941945 1138320843
                                       926315542 3405276861 923481988 19905850
                                       2442831118 437350907 3243300443
                                       3482867004 1365835636 464686139
                                       3191674832 3120311793 1857875695
                                       2170607546 2080948152 523764278
                                       2534541054 3164816412 1172924177
                                       1720561728 498021992 819316933 622856687
                                       308645024 3091744672 1954200113
                                       3556968051 143806588 2313542199
                                       782241491 776483823 1133678679 406262632
                                       3833510367 1694923725 1040809464
                                       2015349836 1858185689 3198936661
                                       3509615418 171898898 3755300092
                                       3349639768 1412273903 44937107
                                       3191875020 653839368 1169403993
                                       3872128019 3270516984 3634738431
                                       393756994 4252184992 4190914855
                                       555346147 3556227553 4130452471
                                       267381346 2049790228 955961781
                                       4042401626 3452645775 17285062
                                       3671240301 4135645739 2595856716
                                       1626822027 4203139906 3552447308
                                       747375826 2622867439 148792836
                                       3631069982 3767686223 2989874697
                                       3635383376 2030747161 3530552565
                                       756691237 4149112632 2447283220
                                       1007325906 956821407 2850174359
                                       1197357042 3065186468 3070723967
                                       1251290481 341064368 2586586312
                                       1743067509 3333644422 1650233671
                                       3069857622 3329398345 186136641
                                       1744010051 841500150 2747348140
                                       944489729 2381906306 1992436070
                                       703245545 3230287448 3785669455
                                       1593763064 1496269933 3434733582
                                       1306571267 2212877087 2021983574
                                       3920238411 147319202 1722813463
                                       2626861764 688973749 2565446948
                                       2024350235 2913149256 2099397979
                                       561457649 951507047 3077392703
                                       2162130635 214730812 2543428439
                                       324859891 3172026338 3793454985
                                       2958227077 494472004 1536781429
                                       3447873574 1108546186 4205637050
                                       456629896 1591611085 2359172131
                                       481886701 867464768 957974818 1182035117
                                       3170177905 1084805164 3670948301
                                       763048150 2146715829 1447235962
                                       2969555318 2137561610 1787696382
                                       2119863194 2374669893 1485188955
                                       3264572899 2504531492 2826871112
                                       66368200 1593512825 2637096843 725747564
                                       917420598 2212131404 3824468285
                                       2386458764 948832637 2085090607 65010082
                                       2825246440 2866560411 2513029232
                                       747215565 296628324 11823169 2679416325
                                       3210621310 2346666015 4018918124
                                       3700063082 468923092 1370542167
                                       1826280419 1150216491 4280928862
                                       3294223960 836278239 1939418293
                                       2057090388 2409977390 3043119017
                                       4266283297 2970695464 214050545
                                       1878735639 3754982704 4166530437
                                       1873417983 1521255367 132141672
                                       4185341490 1873748973 734760201
                                       743777219 509221601 352727253 1308412231
                                       2818251629 1607698529 2664163970
                                       2046097278 3275327868 934229403
                                       3335000391 3593126547 2693300126
                                       3943399696 936984525 2486473449
                                       1507658170 1191792663 3080134288
                                       2736718600 832803184 3808321847
                                       3707592651 3454984874 1118823198
                                       490940952 910157255 162684424 2755381703
                                       2768015492 3308536035 893028147
                                       3877209862 4255008247 4260932087
                                       716779800 2963119374 3778958254
                                       4178540834 1257129132 2569383442
                                       1235320077 1480411652 2473638386
                                       458820667 2954966706 1099956189
                                       3878559254 1927097798 1934234600
                                       3397665925 2209975541 2478899754
                                       717533892 1980890470 2422223375
                                       4131031815 3284355800 3056639538
                                       1118212762 3995549830 3524534693
                                       2977237824 3754826360 2537825997
                                       3821824845 3705248958 2253149124
                                       3264555370 253569806 669109639
                                       3777282312 1557603458 293834674
                                       4249164312 1104004355 2231091704
                                       648428604 914642031 2578055960
                                       1751720869 1199407972 2664173225
                                       3864275918 896418462 2202358615
                                       421709538 127659891 3610874313
                                       3316287770 701745574 810677345 794810672
                                       3349486187 10578513 2985125356
                                       2264220938 1663469170 2108081064
                                       4070140619 3640235730 1693696550
                                       2878554016 992341557 3724263036
                                       4121015744 2730853376 581892771
                                       1817908243 549931620 2020688865
                                       3365833316 479158023 3137240602
                                       1562407967 3544910183 3208199052
                                       1882557581 31540690 2960468340 288745324
                                       971369571 3235856913 393089830
                                       1969811521 637408551 3163721078
                                       1183483875 1542770481 1656774475
                                       2338795067 3028664341 3861214280
                                       3067856392 3248092329 3735839199
                                       2835182208 2778012890 3341905895
                                       2666358477 3081545829 751969422
                                       3844204304 725980027 1171182048
                                       1583933540 3459348073 2580379372
                                       3917538689 827292755 1710013596
                                       2305603764 2582342918 3911189673
                                       2055489367 2594152879 3530986986
                                       1943372449 1730863077 951306340
                                       814800382 1996830803 2651437243
                                       3411005975 2711700152 3132940147
                                       3507567302 2112959544 1336860599
                                       3261936838 2995361495 3812856204
                                       1016301893 1640671651 3537548929
                                       3351990350 1446593134 3998575809
                                       34170707 353807645 2741210134 2534158548
                                       2387159 3829275354 2960459389 1826094096
                                       3800001876 512357729 23390967 2191789433
                                       70873716 244375102 260906772 4060739894
                                       2426147067 72295620 1691905629
                                       1333100279 2912232610 1377322543
                                       3600720789 3353619169 563121794
                                       1672955586 910185283 3916217411
                                       1166086945 2941183573 2404330314
                                       2491324138 2881552585 345290548
                                       2780662082 4037754507 3991885759
                                       1196175160 4188305597 3774971529
                                       2097104362 3341497525 704360247
                                       3060289036 2410182609 1727289317
                                       3399841761 3569003311 3772058271
                                       1986290905 3329303231 1085257542
                                       4212667198 1825141662 1455055672
                                       3735442936 918625422 3961187446
                                       2147927428 1159429738 4251879328 469179
                                       4182921504 2998946532 463726754
                                       2038372753 2543715886 3042806238
                                       3185187829 1813867262 3933189222
                                       1647321091 2992142660 2629425110
                                       62616116 2257669979 2987911475
                                       3907760258 3817599773 2578152590
                                       4221931206 1231611609 1092931341
                                       59285816 4204990508 394832344 292974287
                                       160860938 2078163609 3068182802
                                       3592775261 1613390570 1527589737
                                       3527878194 1195555736 893459680
                                       3029828669 2893311644 38560768
                                       4131446952 3497198851 4074223277
                                       3299083627 2355642016 1003674586
                                       550895743 1875231553 1646675202
                                       360827150 326376180 2124834916 157088487
                                       571932765 689361617 3768427748
                                       3976692077 3535745827 1289161658
                                       3793219677 582486522 2657651303
                                       2598248483 3788157848 2264213409
                                       421463936 3975566233 1296326146)))