#S(RANDOM-STATE :STATE #.(MAKE-ARRAY 627 :ELEMENT-TYPE '(UNSIGNED-BYTE 32)
                                     :INITIAL-CONTENTS
                                     '(0 2567483615 507 1656807752 1969675957
                                       1193038210 741582844 2716370227
                                       2731744403 1913236073 3108546755
                                       1158781639 2326187348 1087958914
                                       184240278 773699842 2465649115
                                       1143305910 3986550489 1966757809
                                       2867107332 3201897096 2316205706
                                       734099258 3946539299 3248429164
                                       1565563471 2183756785 891420938
                                       365320933 1396654706 2096891411
                                       1305320149 3517880802 1807745494
                                       4238543989 1998267184 2677745266
                                       3538928287 2391914106 4106783242 8482151
                                       1138473097 1126105992 97982436
                                       2620251287 105518293 4125590119
                                       3760965070 2358770064 1633939226
                                       385517137 4257071416 3089083468
                                       2647593883 2537289434 1933362324
                                       1662259663 819034955 2656922182
                                       265415438 1523861565 270834118
                                       1445774076 2767309015 2805586850
                                       412799071 2445047555 3587199046
                                       2433596798 3668168040 1030769343
                                       343742570 1889236578 1963102173
                                       3221222208 3364630197 3933654659
                                       848870635 819046755 421594934 2115468214
                                       1549864730 319773273 3150380633
                                       4158679295 578703608 2666574781
                                       1133701683 2029161303 2616032925
                                       2230956915 3598443485 983116067
                                       433127730 2455564782 1126800739
                                       544977673 563648264 4102195547
                                       3704537324 1317030041 829675662 85885519
                                       3509285227 2450876433 2908113626
                                       4159146792 2623167112 504694180
                                       1263270200 2800888716 2162192548
                                       361067608 4003475 2983685516 3116283822
                                       2939264659 946434920 296963140
                                       4051994146 3523792311 1154337562
                                       1479493833 2141022078 3038297202
                                       4255946877 3679104707 899985876
                                       1584554065 3702849943 3042391514
                                       797295623 1189812699 697600486
                                       2206500222 950099352 2234393882
                                       2102961966 698802755 2724393946
                                       529994267 3426983949 1684323993
                                       2146650847 3878723016 508341641
                                       530308187 2757878424 1281017386
                                       3433621563 3507665001 765493830
                                       1461016025 303263924 1602741918
                                       2238035279 2117986994 502174664
                                       2714548091 3608561403 528744934
                                       3587711330 1543155765 1083809601
                                       1972649864 3300458450 2988338019
                                       2115504184 1664796363 243346927
                                       471011018 107037639 2790227717
                                       1293812695 2607402337 518199655
                                       3598476749 2392982756 3657089014
                                       2712740695 1789130327 2813245606
                                       3811776030 2647126657 3076839748
                                       2867939826 900357300 3858143524
                                       3737917101 2902995674 1357012298
                                       3733050891 2591191125 4103528399
                                       2932883935 3643626770 290915711
                                       1623294394 1435312340 553153472
                                       1729890970 4021777524 2138300555
                                       3460180391 2739164626 3773347047
                                       1948503630 1228412290 3967322741
                                       3786162380 3725532055 329403666
                                       2756451215 2663824845 1741453274
                                       2291404555 3847570321 2466355918
                                       1380863296 2053571900 3393036675
                                       1708201128 1492468821 1519366120
                                       2886976367 1334327317 236858421
                                       2762472131 2169702986 622379202
                                       4251562824 1582630270 3914791017
                                       2708068070 4083046789 3454933699
                                       118464831 687835825 2849006723
                                       2729337541 2864564018 155818744
                                       1353588053 1529258975 2177450414
                                       174245170 1066294671 2905402833
                                       2954121997 2309737515 3535603564
                                       3424653456 3149982439 1596317582
                                       1759228812 1534045972 2542175353
                                       3914324320 2883540607 2736234978
                                       460297228 2248558998 2367824431
                                       1190062296 4053199414 461450897 16113389
                                       1369624106 2282410957 884414544
                                       1063174105 2369208701 2416392594
                                       2397901052 2132265591 1102373164
                                       4255834847 3614008957 582864187
                                       4176474741 17853563 662915356 4097663779
                                       3356759970 1609147963 985264523
                                       264468447 3013652216 3303528598
                                       3802067171 2494981005 2790724947
                                       3006313584 259160436 3241668293
                                       2361991012 732066267 1473589896
                                       3506391440 4192927818 1446006891
                                       307812797 4207098635 3175407651
                                       1370841815 3984468954 57047581
                                       3908034282 2443992540 598284951
                                       2965247077 2333382859 998318166 46611381
                                       291820069 1270683542 2645156880
                                       1907817175 3230497285 1447112944
                                       1530962648 3205151538 2302555753
                                       1423155276 1426967905 3290764343
                                       2784802507 2422981051 4144165167
                                       1718515787 3603054077 868541541
                                       3392818168 1734245366 3054991236
                                       2093646398 3900507673 248895112
                                       334070746 2374768628 2448150158
                                       1934332866 1243769174 2815213759
                                       2537856255 1447582800 2846483050
                                       4153146426 492900474 2143544231
                                       2923555520 2335389441 4081984256
                                       814235362 1761007722 928960317
                                       4087476590 1698763493 2179700876
                                       1811349097 4157209405 1061763580
                                       1835870021 3550860560 1140991628
                                       2021504892 3803983755 2575964443
                                       723045421 2495351270 3022872994
                                       2269856646 1250147520 991710919
                                       2376435050 4057086470 1363824454
                                       202438950 1372957270 2368121499
                                       1493950628 1332272820 597939822
                                       3048703994 3609841763 552500872
                                       3487399851 2606726014 2118998212
                                       3344683673 311306178 2525836455
                                       4225064012 2936929596 271327855
                                       895951685 1872193892 565576400
                                       3428071377 2077947902 3404421227
                                       3830729446 1419661709 3204605228
                                       1194633238 1941707394 4094539499
                                       163280473 643699338 1592161577
                                       3093346155 1115232447 2498513939
                                       511160129 2043645708 835948809
                                       3076747131 2551767249 3276798256
                                       2782123752 3378373747 728836091
                                       1332010046 3482121299 201345304
                                       1691134028 35386453 946684215 3259082308
                                       1045205089 2464061268 3257957315
                                       2948015625 4016742860 3784424598
                                       4226443705 137972573 2789598659
                                       4195781255 902051645 1445407131
                                       2831440182 1534315503 2705507845
                                       2941723511 2500959098 2688374450
                                       2908166934 112656064 1093147056
                                       3553966272 1567394001 1532405566
                                       3578799235 2315930487 1659641808
                                       3065500402 3755431135 1533979346
                                       1318753212 3975781359 3195401608
                                       2622113306 4049519273 4232911178
                                       101582556 4268275030 2470992422
                                       1071622389 3012516333 1817757588
                                       4284483085 3322893315 3247956210
                                       1326894103 1679347994 3280469330
                                       768768956 3672742739 2697414228
                                       2149172325 954446883 2604594913
                                       191702037 2700120250 3620815259
                                       3822745389 341239222 2243771748
                                       2262355041 2247537400 1951738755
                                       2860593312 3612532221 1570907856
                                       3505919535 3111682826 826120248
                                       2240419763 3737279204 730877301
                                       1748120503 4041411182 996819877
                                       1366672413 4234788292 3930942471
                                       3638359018 2019816302 511537690
                                       2448422881 2329042366 3787235592
                                       2707600353 3621573593 1779332981
                                       583977435 2005248634 1068243985
                                       1427724297 4229270340 203147641
                                       1115341001 3097113317 1562698288
                                       276264855 2068777772 2988449110
                                       854027549 3307177933 1917211678
                                       4154930740 2748712173 577539340
                                       264518106 1903662374 426241337
                                       1928065481 3714538616 492528265
                                       3229163963 1068740724 536622237
                                       672111442 1939679074 3025450273
                                       1869442553 1722019628 1182295790
                                       1220445641 3279498397 62861163
                                       1290754961 3565405967 1635253220
                                       3633434290 4001897852 2256269124
                                       677865018 3012413944 3190764734
                                       2545976843 3676536676 1435317378
                                       4232753499 3896250777 2231672733
                                       2409949571 2872028481 3146263668
                                       2541994157 2672245682 2300208495
                                       3054657305 3680504647 3969378250
                                       3792744132 565447665 620659789
                                       1340737424 2599652008 3883862023
                                       191783111 3738775323 12272159 1819438598
                                       2072688228 2629083383 309168570
                                       2404170271 3579944016 1503116287
                                       2182791106 1802044223 473375775
                                       3216967863 4236427822 2488246830
                                       3652090970 4282674956 255421782
                                       3545115123 484055723 2675033521
                                       3041866362 2294286736 1500833513
                                       2139736447 1529410515 846495802
                                       572633297 2146852052 3642136644
                                       1290268875 396917836 3799902772
                                       219623525 2412992072 2936643535
                                       1236902949 4141785327 2146998231
                                       3757627351 3898710072 3066219518
                                       3174319989)))