#S(RANDOM-STATE :STATE #.(MAKE-ARRAY 627 :ELEMENT-TYPE '(UNSIGNED-BYTE 32)
                                     :INITIAL-CONTENTS
                                     '(0 2567483615 346 519013286 1706059281
                                       4158288425 2298750244 2501515620
                                       835311601 700160148 776762929 3696954169
                                       2702914365 1364676525 1226065634
                                       2204168111 1066200599 3947876580
                                       2242458353 2998938061 525054025
                                       3368246616 3815529113 3401681368
                                       78784709 939059391 3517817731 2647867272
                                       612703115 743412376 2130165587
                                       4146413704 1391772469 1160824560
                                       1380866042 3781247994 1168405384
                                       1493413627 3730181945 2771888184
                                       731731670 356247507 3818591548
                                       1370538099 3357840958 4197771921
                                       682522795 260720457 3088727305
                                       1395276803 3791385436 2323242286
                                       558590522 1644725358 2042038758
                                       3319031394 1377872429 125179768
                                       1746894423 1023547530 1164349262
                                       469009441 3625374612 2872350916
                                       2318732166 3392021031 3862121097
                                       4277840026 3885025899 362169132 36455058
                                       2558327507 1941084400 2703168113
                                       3551536539 824583088 2230233753
                                       1320635171 4051745121 3053272560
                                       2714160807 636817663 698836778
                                       1207889393 222956880 1858237462
                                       1816439802 3030548189 3939367840
                                       1894838116 1498565160 1566941438
                                       4236803115 3600969940 902981676
                                       1012595457 2602831637 3570945984
                                       274686283 4186961300 4180372273
                                       2388369276 150115992 4051419601
                                       2067094656 4271519287 2235512464
                                       2781934012 384633275 685807957
                                       3106384963 1606800534 2682647652
                                       1605211089 920251631 2676737064
                                       735189376 3145753820 3514423908
                                       3209185963 3577286195 4092649372
                                       1792183184 666195376 3061885744
                                       1766029029 508060476 553814724
                                       1647535200 3805382064 2820349718
                                       1783586589 3996682169 3168294678
                                       3791029262 976022479 323194589
                                       1144173814 2947353276 1128878747
                                       783923818 1373912189 3100404442
                                       2908526217 2111929156 656316492
                                       3923797872 384262046 1894320393
                                       3046423109 392863003 810055041 955772310
                                       3830200755 2840413140 4014824028
                                       933094717 284516879 779578437 4269376306
                                       352681437 1634469004 3668395899
                                       3214086742 3100016331 596010059
                                       249259037 1769322317 890546420
                                       3617533185 3638978635 1125411823
                                       3313465233 2899351729 4024059619
                                       4104231558 2384063390 3331237003
                                       482983895 1554786491 1260250380 94363992
                                       4128043096 4028030336 2644493257
                                       1300011913 2406590625 165036183
                                       3369502258 2506253557 896898468
                                       1350456377 4042678056 1252587993
                                       1220530961 237072457 3277381799
                                       3936298559 809872066 1103634939
                                       2360264293 2750140315 3883655747
                                       3682144651 1368323884 865022006
                                       1820007665 3532425505 1385305155
                                       631822568 2775302774 2833196177
                                       3295620275 3464139814 3531659755
                                       1600164977 3540062349 1916208782
                                       2768901984 1180791391 1509501756
                                       2222658338 4148088582 4097889183
                                       621378057 2043619499 145847362
                                       2355198035 3761484431 3616149747
                                       2660852222 2274005056 1837696147
                                       183863738 3935899246 3990721546 96600731
                                       2475253901 2732398443 2212756620
                                       1294250968 3439757060 3020292283
                                       2708114083 3599864545 3271019984
                                       516003335 917613433 3849527557
                                       2902004378 908468353 855050141
                                       3956766287 1587035417 978653615
                                       2390398474 447091459 3286908813
                                       1195813135 4131720085 4033491466
                                       438278630 3549441194 2966012827
                                       503443077 3078255646 2646033849
                                       1369626973 429629079 3131476257
                                       2527490717 2645365522 1200034813
                                       4281982050 2055119505 1644546758
                                       1612673438 932385456 1556683890
                                       1658853650 2535470074 3555320580
                                       3101197352 20618945 3225049984 912035579
                                       3147304000 331070867 213675649
                                       1640781388 338334222 1195097450
                                       2059098184 2694553387 604675037
                                       388164486 604930172 3360286200
                                       2925555401 3048420753 2101749950
                                       29823758 1992457620 3559050248
                                       2400018367 2025888360 2164495735
                                       3882958217 2024574757 2029589364
                                       2498334540 3804639698 2753297819
                                       3289902053 2418432184 3306235168
                                       4132797986 1390208983 4166091226
                                       1276387106 2479611872 3525540853
                                       852210766 1549760997 1899173716
                                       649172899 1688336305 956742620 513869880
                                       3333597865 2571784980 1816715613
                                       2780471864 4035979114 395359900
                                       3850352924 434296009 3411606871
                                       1982044753 831187107 1774546450
                                       919220697 401403747 644801697 2227714800
                                       2497493551 1041982666 3139681770
                                       4157643195 748481187 2397193742
                                       1441880909 2606022962 852200018
                                       2055172619 3731342307 2889875980
                                       3919995634 282406846 108940445 540887354
                                       2039503494 930629696 3118735747
                                       2205365814 3539317751 800900812
                                       231537678 695688748 2770134205 569393373
                                       3558728613 318233794 1054057703
                                       3130089904 1623632809 1915600859
                                       1804709796 2032997968 2138730116
                                       3825279046 454654987 716376704
                                       4160683784 1944790565 1169001124
                                       3460705992 298784893 4092176264
                                       1055770899 2090489314 2092055232
                                       3331019569 2235936403 638491157
                                       1655013819 992476860 2617881105
                                       3054002884 4126293427 2687477634
                                       3561294095 1572847393 4191775978
                                       2056813461 1590097010 1606971226 5214999
                                       2738121987 4218061635 1183762636
                                       3383962693 3967231181 3563841753
                                       2240796304 3159868334 2844261989
                                       1804522794 2188480951 3321160971
                                       3468376223 2500680863 3124271316
                                       1836206548 3812240219 4168967030
                                       3752856232 4158082732 148964086
                                       1280139151 1968941818 1645577668
                                       3010359722 3770565669 2005739239
                                       1314653297 165092925 2931182089
                                       4220962212 1579364284 3558896187
                                       876257541 2911389183 3064251217
                                       1552700957 2805184899 1083089686
                                       2512594412 1725057868 2751245113
                                       2386995868 3847743356 4211635728
                                       3838309328 1806852656 4111047001
                                       2461948412 881159406 1580938443
                                       3929700982 2537945221 4182291194
                                       3323729419 866445788 1431257569
                                       1617104770 3904911536 328443137
                                       2101502429 222690964 3677122964
                                       3816060318 4231206923 1860486840
                                       2290018404 173662766 187376648
                                       1682948478 2180098742 3009909303
                                       2497449446 3454833271 934385925
                                       2762661603 3904038268 756074038
                                       230100569 3049036092 605471662
                                       4141381098 608904133 886714459
                                       2772017204 2644666604 240388432
                                       2094119150 1988683473 135119001
                                       3421767835 2148184190 3927089153
                                       2501410024 2871015768 146102903
                                       3591689166 1548835448 4032211238
                                       2463383243 1585649299 3352245259
                                       4026701540 3474572164 2071573942
                                       2794779180 1033862499 936741913
                                       2012777229 12908806 579048286 3778704899
                                       95812097 689413478 2710943034 1887222152
                                       2509151527 2573762151 903989490
                                       3915112710 2797772507 3723690311
                                       482869822 1399844179 525362067
                                       2431830265 2301127180 1821278111
                                       3499554660 2093669647 4011767319
                                       663629005 2525377543 990285111
                                       4031748998 737872016 76919409 1600966116
                                       2248281469 389624498 384114551
                                       1413274447 1008444412 1383881093
                                       3829738187 3927443965 909367075
                                       1103833631 4017311666 1689764678
                                       2135349136 542408554 3970887618
                                       1955611948 2588054931 1370461783
                                       2639761540 942058138 676300722
                                       4092449123 264449625 1599145521
                                       3378011047 1940506414 966670313
                                       2911546931 3060892775 157590837
                                       3404565759 2291411412 2894946971
                                       2481690557 3644644928 3502079900
                                       3329811213 1194614848 2967507622
                                       1713749850 20359424 920626556 2073629115
                                       1504997876 3375465716 1695191025
                                       877453094 618930356 544971388 2576111344
                                       1283866256 688583972 2691762296
                                       2235082304 624616485 1519760152 51680222
                                       3150623199 2269320879 1904335030
                                       48447927 262999356 3161973593 3971440527
                                       1147790215 962719834 2900681185
                                       3523766106 830078292 1102458935
                                       3880116610 2627134941 3059068727
                                       525479570 4014275662 2267714155
                                       1214540190 1080965575 541407673
                                       1517128323 4203084896)))