#S(RANDOM-STATE :STATE #.(MAKE-ARRAY 627 :ELEMENT-TYPE '(UNSIGNED-BYTE 32)
                                     :INITIAL-CONTENTS
                                     '(0 2567483615 496 1998864926 1287303895
                                       911300269 41087484 580831578 1257378131
                                       1629196112 1110967440 2697889224
                                       3712973815 124372187 2514689630
                                       2616431884 1711994581 3321298805
                                       712605346 3631777926 3047869050
                                       3702514491 2029834413 3625650077
                                       2884986991 4215444855 3117809424
                                       1127742859 2057413277 4109418715
                                       4268739759 2159170003 1282747322
                                       230423939 3107255084 1392964557
                                       2958246045 3977566506 501219715
                                       2078286425 2634914915 4271427453
                                       528824206 4126026603 3964253628
                                       4201515952 2122249211 4034236042
                                       2865049910 853751358 485799965 184822241
                                       953491314 3864616621 1222788895
                                       1762267014 3770229800 4004561534
                                       1536281144 2745920619 1696623914
                                       1720338235 3014318471 2729646977
                                       3707835067 900413578 515311361
                                       1956243799 3895094570 1290609909
                                       2906821611 2141731688 1491713276
                                       1734784812 2286253908 3026042218
                                       2026652321 3725538962 3915445497
                                       2886851117 2207148009 3482146878
                                       3428146166 1427260573 46740735
                                       3598929917 2966485510 3874631057
                                       292048448 170808777 767319240 3139183953
                                       2822788054 1791870974 939663613
                                       2102412254 985372306 1488968121
                                       349317170 2578346384 2949047095
                                       3726448826 3844641954 4110317257
                                       960496559 2583227013 1737579026
                                       2378369632 3949277714 1754906581
                                       1479405320 955287902 3507964875
                                       1108567059 2925370463 686093452
                                       2597440789 971573592 2801283541
                                       1690475250 640180003 171299866 779139650
                                       3537965257 572263707 3355367568
                                       619516168 3063538716 473321669
                                       2332348906 2000053817 608335173
                                       4212569788 1731912248 2222683186
                                       2944010468 3940601044 3863820003
                                       432998430 3600483044 1774951079
                                       108350372 986113295 57933624 833918276
                                       3962961884 3438376222 3621205201
                                       1428956230 3248817301 1054733629
                                       3295386586 2248129717 789676357
                                       683296165 302236596 569988222 2849637644
                                       711971981 4989876 2572950708 806625478
                                       923666238 259161253 2028909987
                                       1924560142 2031610530 432121897
                                       164802682 713143290 3814993198 759356086
                                       315492250 1926877922 2587991174
                                       2397817680 2730985933 3101770309
                                       1043418978 1776285522 78406809
                                       3587347425 3978937336 1866225531
                                       163846572 1442579381 3081453249
                                       1178834991 4178427809 893776842
                                       759496598 3047723261 690528245
                                       3152486570 1586681959 3754125287
                                       3835295130 874533001 2963657300
                                       2826516366 1250871152 3357296647
                                       2342648639 2632270991 1681050845
                                       3511770786 1653020444 4181095548
                                       230188431 3005042416 601920890
                                       2408866276 3941697919 2173371683
                                       500616451 325972468 141946312 3083758743
                                       2747201466 278523617 3530458596
                                       1672774817 2501855220 775568811
                                       846807734 1939485582 272778531
                                       3564988605 2626108713 1896460300
                                       174509442 4129070823 1745829954
                                       1419713742 1466251000 3182655910
                                       1304457762 391523900 2462313812
                                       2507080026 1759304159 2312988541
                                       1058405910 200571824 3084935798
                                       3396579537 843789981 4205043620
                                       4218470011 1672086596 3612944444
                                       2071270129 1464559149 3452929366
                                       3677617000 3464314769 1634248909
                                       2769808215 3991679359 3446205868
                                       1736627785 2850677678 4047937984
                                       1530920713 1516557625 4027478503
                                       2865167124 1680699502 1166098731
                                       3365241382 3418201584 2622415573
                                       155486054 21832724 3721523176 2618972110
                                       882914567 1011031489 4173930863
                                       1922635610 3375028687 907682407
                                       2884333488 2492760541 1067997328
                                       1344791857 2821611866 423961736
                                       913149965 2280288693 34529049 3690442494
                                       3916121372 819393138 3763059017
                                       2218314972 1075639081 1508638121
                                       2273905406 1753104745 331135771
                                       406395355 2628997518 1133066137
                                       1308027180 2934260700 1549021821
                                       3738676125 3410038132 1663731487
                                       3663168974 4186774384 1697423364
                                       3871216679 3935928516 3243126743
                                       4012720391 108500123 3041633960
                                       3870249650 1471557455 1971010025
                                       42653892 2383783443 1175461198
                                       1154657285 363698353 2909045839
                                       229115609 3468976896 319172862
                                       2809014535 2583739132 3102003170
                                       81564093 730980677 2747239051 2993813883
                                       1931377955 1468398218 1968730101
                                       517717015 2624923547 137577795
                                       3565655036 2673188842 3033046056
                                       1859096843 767031571 2799578807
                                       3615476692 2794172744 3571348764
                                       3374748249 2648782285 3049421769
                                       2636721218 2185285788 2016178391
                                       4066665194 1121937003 3992532884
                                       2824712094 3932755831 2472530042
                                       3173373401 1980856368 2858460987
                                       1177587282 816073616 95376361 1815698814
                                       1844723486 2010027973 3644020584
                                       1340106980 3160490557 1431063918
                                       2510928631 49048859 1038656924
                                       1015666651 1674438519 2355263933
                                       2456865474 126054357 2137598812
                                       3541781883 2066247162 3342247963
                                       1892573022 155829980 1885925506
                                       3037986802 3400983577 1122872480
                                       1743442741 4257151560 2171804665
                                       4292639922 97411396 1503135911
                                       3399809093 688664137 916783610
                                       3561123566 2363181434 3085963070
                                       2442479134 178230082 903172322 68537922
                                       1925223809 1979510944 2035919915
                                       1831333566 3853195197 3582053964
                                       846647520 1405966138 2257922502
                                       1941144809 2130755283 4277867250
                                       1180261677 499718042 907076393
                                       3348904023 1605991701 606792239
                                       1405836572 3160981534 3333912924
                                       3538170286 576721603 2568087601
                                       4091112840 1601934131 822665309
                                       604230373 1486900277 912361914
                                       1622845031 4253047124 680633957
                                       873893679 2851689511 3314897011
                                       1300042924 3218008239 4084142260
                                       2145308432 3507441125 897452699
                                       3503763625 1814974418 4195819266
                                       156228343 3729616819 356028808
                                       4074490816 4109932663 3392768793
                                       2888026958 4040872562 1021720170
                                       3946019302 2668871275 45742248
                                       3545670388 1447520582 3988218872
                                       2682836380 1861793586 606863912
                                       1786272442 2269824682 1148317865
                                       1896637750 464011033 636953230 964107126
                                       2399091089 4182926884 4219138748
                                       1737753087 4201397546 3091620852
                                       2829893171 4038172302 3047862626
                                       994649812 892617719 3664086004
                                       3280162580 858809556 582908963
                                       1402156194 4047239350 869052286
                                       2791130812 3500492204 3169678809
                                       4101525584 3937190938 3146315202
                                       2342611373 1041829995 1371760453
                                       3288699865 3963400511 3317388979
                                       3779536211 1056431333 1453381682
                                       1209926009 2859953225 3581698832
                                       1988393488 1432345730 2121343476
                                       1103401066 2006441947 3452053986
                                       1479006775 3384659539 1839016144
                                       993311968 224913750 4147696424 390686074
                                       2233644950 2133663665 596186067
                                       451518087 335937384 1364647167
                                       2079015405 1189524638 1608573967
                                       439292140 133775156 4222295065
                                       3229289997 315381692 2785899967
                                       809331737 2442866778 1609379002
                                       3533429386 3112796333 3336848626
                                       36110495 3812248810 3583781886
                                       1995281737 4103441738 538121719
                                       1622531627 1986351252 3815180260
                                       586749362 3281583514 4270603128
                                       1742855310 123527242 3002171989
                                       1047335572 3902345820 3200279952
                                       2381071453 3012421971 3311989593
                                       2118621033 3824235541 1392792813
                                       2347557866 3215019030 4241832441
                                       2569137050 198129131 3262001837
                                       1478925072 4111713062 2234306226
                                       934254424 526415822 2194718516
                                       4202938763 650034070 12064460 129285966
                                       3107869433 2334839036 3933021867
                                       1658994108 987172571 242821505
                                       2643071610 4289949871 600426544
                                       3657747183 2113799684 3844667475
                                       2138203212 1122358379 2450668600
                                       3559301794 1196080244 3911441946
                                       2549092149 3594239046 2390402777
                                       217236034 3774254039 896040603 825939044
                                       1697660481 63263652 1112100666
                                       3652458186 1620577764 3194084203
                                       1961724917 2656325385 2133531129
                                       2219728317)))