#S(RANDOM-STATE :STATE #.(MAKE-ARRAY 627 :ELEMENT-TYPE '(UNSIGNED-BYTE 32)
                                     :INITIAL-CONTENTS
                                     '(0 2567483615 120 940641023 993006320
                                       3699776049 3827178295 1085273274
                                       3685671755 68735584 2383111593 693180979
                                       2990630235 3610783948 1840420287
                                       1314983519 1441140976 3172473890
                                       3172984309 3528612709 1697193261
                                       291130816 152412170 4040665199
                                       2414276631 1748691878 4097440768
                                       1325442949 3261967855 3215453315
                                       3130316411 393407046 3409856100
                                       502166410 4064185749 3150340972
                                       601724260 2823528663 841452972 942298208
                                       1745607362 145726084 221416981
                                       2391206346 3404106583 1994721750
                                       816738593 3999340515 938069055
                                       3638063940 3210267863 4241002903
                                       93694306 3480444909 1205930972
                                       4294788229 1220750274 3955612058
                                       333832725 1248162423 1756809103
                                       3611773790 1623120954 2183028069
                                       281996967 2092273561 3192349385
                                       2890311367 3599649284 3595463635
                                       3842623463 3148829371 572441101
                                       2701672394 269830022 213094568 330469886
                                       2930042275 3406771722 2265790872
                                       278613157 2412291106 1081386518
                                       3574566891 3178047879 376538430
                                       3726044398 2538023000 4053484708
                                       2719878077 2203092106 1972430394
                                       3647960969 3628312733 388395550
                                       4060409181 3882258227 2012640806
                                       3882864297 662674798 2788788872
                                       625529786 2119925000 466695953
                                       2334326141 1943794435 3380616727
                                       3590979570 1746896818 1339998843
                                       3932136942 2864006227 1356340026
                                       1680897872 3746914801 2988120660
                                       3454670020 914080051 766732997 934508961
                                       789515299 278145826 1073581400
                                       2871073030 2823628526 3763005572
                                       3112532193 3059110261 1263973717
                                       4269039322 2069707623 2264996307
                                       2985408114 3342652675 162196966
                                       1569919806 2463956292 3657624081
                                       1017051806 3656647051 2490757221
                                       1764397807 1113160785 192811854 98231817
                                       1885986040 101501094 3021476734
                                       2845134819 1162779275 1337701000
                                       2609757227 1431604482 2630950685
                                       509886563 952148045 1422209674
                                       4245416222 3218869475 1673461048
                                       920900569 285804232 1854790900
                                       2619703471 3145455794 352645839
                                       2619953573 2785832632 1093223002
                                       1976579905 1602511776 3056400629
                                       2667848253 2573715943 3049444793
                                       1543533559 2882382918 4263153624
                                       418824529 3130470097 3654314566
                                       4099817977 4242909052 34390990
                                       3864420449 3321508579 3952277470
                                       641422253 2351955969 3305799394
                                       642379142 2781606751 1909023702
                                       666544987 1343570695 287432644 31904809
                                       4113445711 506428095 751257726 974324969
                                       3189182250 1017784899 1232954244
                                       212074578 3360857964 155859595
                                       3864504768 628657107 3928553318
                                       3909823016 1348516032 2599608650
                                       1842935529 892444516 1784738519
                                       1898769675 1019584822 2587122186
                                       2121876257 1781369167 1415093852
                                       3060238044 2934192638 1761546500
                                       3098509680 376118328 464077467
                                       3614440924 1796033064 531383305
                                       3147259380 3808595608 897194369
                                       1133819244 740917991 3484828604
                                       1710610818 1475428143 2433168169
                                       2835987885 1913444091 3394776904
                                       2308103197 2600516363 3733816115
                                       31339384 3947466379 1540353276
                                       3399045830 1445855191 2031228359
                                       225405822 15419685 3874420224 2185266359
                                       3290970496 1861884111 4245175952
                                       3031699552 2201940077 3192956399
                                       130822858 2547215221 4136501665
                                       2265244220 1725744772 1250890673
                                       662872034 4292578306 2391344740
                                       1433576774 3817327647 1713077481
                                       710039118 4185885307 2206787220
                                       2488416203 819531213 2341645571
                                       1939862752 2003761522 866089682
                                       437372055 4140810851 3556986078
                                       3961121367 4284305637 1102267204
                                       994710932 1308859401 2339038849
                                       591869568 3222799137 2797656432
                                       1771834356 1971601893 3249366025
                                       2310619427 2505955475 3020770482
                                       581901333 831103484 2569024863
                                       3204304482 2137132071 1272719094
                                       1463486530 925773307 1949092637
                                       1782470183 2289439867 5043738 3831439325
                                       3069533924 3668821379 1313629007
                                       674352183 3040595648 3189371754
                                       1506832435 656943911 1543268903
                                       1153348426 1626834156 3654477431
                                       235191176 711599697 1791487462
                                       3249435786 3995322570 4008853340
                                       1683572789 2899156864 1116892971
                                       1713380223 2923432452 477579707
                                       229016994 3622910638 1874932172
                                       3367506769 275276738 2704845597
                                       1041397703 3118079800 4035935181
                                       4073771975 2841070498 391684524
                                       4071094132 2088363733 3065598126
                                       102271960 2989420119 2484306832
                                       3763323818 2323474277 297420 3619298940
                                       1130057282 1228169989 1701220457
                                       62729050 3869404513 3340513599
                                       2966778464 2204750504 3557102231
                                       3887737104 3793222794 1012961897
                                       848184513 1032758593 3819696321
                                       1634093210 2159914540 3286676119
                                       2811979134 2067511750 1617474702
                                       3715540792 531951108 4129092376
                                       538513610 51020344 1315673393 1372223942
                                       3601433062 1330388125 737265781
                                       3188924646 1394809190 3023596222
                                       3055486637 2089834672 1367922623
                                       45412269 1474520249 3900158556
                                       2059423009 3489989476 2581654432
                                       1515914651 1466632783 185288233 45091180
                                       2422187755 559799726 730176036 48661052
                                       1315068712 4144135724 3845143340
                                       4256445095 1973514781 939992811
                                       1987391225 2550055013 1258616970
                                       1694845231 2963793996 3788045379
                                       3186733662 2598267669 2758555967
                                       1834031698 3625137843 1895574662
                                       2463270741 3306785063 1475411230
                                       1534090861 3667960593 322145920
                                       1439146564 1770831831 239219688
                                       2418727598 2638954986 2700622244
                                       3453437413 1816334657 3218595767
                                       2962871804 3331032679 1437121366
                                       777182022 2194883199 4095019376
                                       1372817326 1232293813 2800966202
                                       549562921 1955947083 2838162650
                                       662039042 3760222882 1388956940
                                       2309475346 3035417006 2031218123
                                       3943053199 1743210716 3672168033
                                       852432987 1816415973 3696140832
                                       1461385094 1628010606 1261295696
                                       3106192902 1918928684 1704189522
                                       1632239496 2422961562 3751311708
                                       1985145600 538864170 3643676617
                                       985367690 2089809546 2725674293
                                       2810268290 3250188977 3118264672
                                       30908384 3559534103 86244771 2085147468
                                       1622470006 2645094260 383301021
                                       2737104152 3059761770 4066237218
                                       3261134224 91802044 3463979319
                                       1934085964 2772493195 3913180560
                                       3794314108 3850593940 2264325018
                                       2133668585 2602189369 2323208941
                                       4246656401 3540796713 3810492099
                                       3485452830 2550341184 1555337292
                                       2562238524 2077551164 30747115
                                       3489818152 457713615 885479852 130406931
                                       4252146849 4261024104 127034112
                                       3317373810 1770726288 3320045053
                                       407549635 1745175603 3492881134
                                       3583606777 3606705327 2394437865
                                       2284838163 2156925242 3149264571
                                       2112967227 3367340433 1060792772
                                       1386924925 4109107012 3055887147
                                       540348957 2318607235 2411375468
                                       2178809987 964571374 2139609596
                                       4238280107 2189914752 3586380010
                                       503028949 3434120118 2556448202
                                       639516543 33360206 1484909947 3679501627
                                       1400767620 1573538732 91722091
                                       3858028969 1454040234 1605188598
                                       729374950 471943776 178578502 3076816225
                                       2935177290 13023745 2714244990 815473189
                                       412682840 741360597 3868040480
                                       4039003529 1689134264 1484018195
                                       3754816464 3945400904 3376749233
                                       3284626385 3304140765 4024593571
                                       2166007731 1186525669 3601553866
                                       3222287517 675026592 2552621574
                                       3132419542 1932695089 3974595600
                                       3423652900 2690044905 2514179256
                                       2812807688 2739331032 3999340758
                                       300620993 389038467 619931950 1987056349
                                       3213336614 1501865118 3824770000
                                       501984886 2540944861 109320546
                                       1486883193 1709708832 4095286723
                                       2394098182 3370999000 4114523729
                                       1784573188 2348316618 622167383
                                       3428401835 2995007874 2157917596
                                       4196993721 3040752554 1580316880
                                       2040609181 1819334136 1836550140)))