#S(RANDOM-STATE :STATE #.(MAKE-ARRAY 627 :ELEMENT-TYPE '(UNSIGNED-BYTE 32)
                                     :INITIAL-CONTENTS
                                     '(0 2567483615 340 534209375 1076240561
                                       976843157 2313062258 2793021460
                                       2856935913 1291734190 3826151893
                                       3902440562 2019116264 2505534078
                                       2173808684 42755071 267897871 4105172873
                                       1057684869 1220228127 3564839149
                                       2853280772 102922187 4164252579 65247738
                                       3001544812 3217297016 3887206763
                                       2565752195 2230979604 2997080358
                                       1409611459 2066578528 3175904184
                                       1798629652 3840959919 2547410499
                                       1461107796 112021384 4159681146
                                       1008898530 176276997 3780238541
                                       3796250438 4124144340 597009733
                                       2751443929 2677447049 1895453686
                                       3773949495 1631462423 2351391926
                                       2014230363 682358978 3408647987
                                       1320075292 1953551547 3208259928
                                       563649779 1382904656 4004901971
                                       3135903916 2823432024 2687789282
                                       1970772081 1774139820 344306507
                                       3704991451 3405566589 3185049907
                                       3877869112 2038251514 766560978
                                       1123023988 864749562 3096813252
                                       2062408686 1155885279 3770282141
                                       1275537246 1246986452 3027574340
                                       4205122278 466051991 2503093043
                                       2812239585 1856958550 1281366209
                                       1582334710 2522768732 628464535
                                       3732752565 2993471546 3622314414
                                       3900171844 980653956 547406280
                                       2846884941 547173299 1612408500
                                       3311464022 2994557724 2843953172
                                       2861802543 2454653716 252141050
                                       3399538559 1002445602 1439007471
                                       960728136 1065687786 993640874
                                       1321614076 16305635 1947179389
                                       3530566525 3351211872 683947666
                                       1774032898 2326489111 552190172
                                       3143146649 3137345168 2035989174
                                       2800174953 1668201921 3054738094
                                       3453421351 3973151363 341923973
                                       190779833 3753175933 1645298430
                                       334595096 369922633 64993096 4013351199
                                       3347035577 2383737361 1654073475
                                       3901208677 166014249 3098684105
                                       967078297 133327681 2750068573
                                       1023485226 1491510440 3370397634
                                       561836847 4257286676 332751190
                                       2420421889 502143753 4235220749
                                       1367266402 3009688180 3665331884
                                       2859447289 3596578117 496443029
                                       1510277866 2248740920 2790622834
                                       1733463129 1394188701 1008865481
                                       2813065253 1544940649 595039071
                                       722557877 2997929185 3971064329
                                       2391788928 4041897605 1099104412
                                       2580159762 2103548947 731251435
                                       120648473 3606995173 3875645121
                                       339353959 2443518827 1498784100
                                       165620823 1327734439 858434276
                                       1605654936 1951623927 750998259
                                       620879105 1921635647 277248736
                                       1642909058 4028525686 369492257
                                       4252836765 3183012638 778480329
                                       1288179371 3056089408 2127864855
                                       1715686921 3303599725 1859664675
                                       538466038 1709163330 3266363946
                                       605946200 2684933689 710716596
                                       2058128813 564423652 2215375586
                                       3589203968 2282926988 3765964049
                                       3748103271 1246502029 3856276106
                                       532947502 2309519309 901484122
                                       1008564607 1989594176 2830863783
                                       2361583332 1462865852 621403050
                                       3655955308 3133646689 3567013727
                                       3653199028 3060832576 3416699317
                                       1300286630 343721775 479209831
                                       2332974014 619562756 1752779596
                                       3301824593 380321945 3654641403
                                       2461285736 1517932929 1696981384
                                       4229292851 4204264044 4256994943
                                       665141019 1525205834 2649585512
                                       906690397 2664203962 1333376670
                                       1906963025 1282477264 1967537151
                                       1728056342 1872722418 3396357097
                                       3613276830 2546267355 2198150113
                                       3901569734 1935945041 1441876314
                                       2870800712 4075447805 192731476
                                       449833509 926618010 1461510508
                                       1593878243 762290673 3728962997
                                       1514398031 1852974843 3273306234
                                       2122511818 1590884637 138993956
                                       191924195 360077186 3818850500
                                       3437497148 596841744 3752089269
                                       2527010427 1149031479 3547611363
                                       242395144 2690178474 3518371830
                                       1423068914 826527227 1920710984
                                       2708329794 4007502407 3295131044
                                       4265716833 818141132 3710744830
                                       3647923877 2942971569 844254780
                                       3514921918 1383609431 56720587
                                       3709416888 3523892008 1765557979
                                       1784596361 1390681206 4294263353
                                       4181294441 63681318 55110697 585561067
                                       1868625941 2560164476 2944288318
                                       3369447717 3462536177 1614340691
                                       1023163540 1702756536 2085083101
                                       2644367973 1279471508 775519795
                                       1269204574 355803982 340870579 372848392
                                       97348808 64678692 1130793645 2720960231
                                       1969951020 3471030221 4245362696
                                       69550649 3543401991 3408669352
                                       2881638368 1367154423 3614719653
                                       2282467208 983174459 1853950527
                                       3628348008 2195889027 3052715572
                                       2503157889 4104138086 2928026502
                                       2955530978 4181844188 1103371422
                                       849083114 3721764599 662991980 31004500
                                       2455052603 3755178182 2851905394
                                       2346936839 163264191 3733973593
                                       2386209535 258966000 3977454420
                                       1077786185 1089815153 1354897806
                                       2993034301 1870375469 1473805999
                                       1883952660 3179227227 4026239338
                                       1871468808 3710313538 3414900889
                                       3972803820 3531633531 3715293725
                                       2908880162 470339857 229818942
                                       3188497283 201610796 4222464511
                                       2835803711 3313406929 611401522
                                       1150332848 4251709372 482908294
                                       4076081135 1093391888 3913541489
                                       3191052661 3494818544 1726280261
                                       510468603 859538748 4283320878
                                       4209857241 2479879058 1485654315
                                       1793757375 3699029281 935387444
                                       1567889210 2674690159 1318474152
                                       2682450917 3982525061 2193038781
                                       235213098 3055402056 1297369385
                                       1840904376 518738338 3483315903
                                       2030432187 2031640801 4027724432
                                       241642178 411559069 1448782925
                                       1790674475 4043297219 4033419131
                                       1312257815 998008564 3173659506
                                       4267196933 2836048849 541107257
                                       387464793 406336489 3621344127
                                       4042048667 1744118720 2434377853
                                       1554066742 2889370073 3075544372
                                       1932900385 2367196347 3835353143
                                       2272230475 4035113279 2853786481
                                       4062641619 3465227176 4266707401
                                       648102293 3847545777 1109203016
                                       2270837620 2239964334 4259094310
                                       3370960158 3478169201 3984565208
                                       227587913 909516727 1258443310
                                       3841412451 1679762815 265297226
                                       397808398 4022381585 4006812710
                                       2963026568 3397054512 4092185993
                                       769278568 54260087 47502768 2093929247
                                       1094326608 1835932798 501899342
                                       2589586667 3110147122 1536407827
                                       2683323065 2902405022 1321618531
                                       3142808749 2285576445 4128024699
                                       2397354772 2958384417 2448312109
                                       2195594238 1246564469 3919233324
                                       4263546301 2240633755 2888341146
                                       4056217175 722494910 2218250311
                                       3795947228 2465098552 4188931514
                                       779563838 1895949032 4053019764
                                       4089331179 1534794167 943714133
                                       3238179610 673013150 1663737944
                                       1206219174 993092537 2282750139
                                       789338598 3583934164 3328008960
                                       3587413731 1167503271 4061422457
                                       4271325304 1320694135 1762186753
                                       865663572 1205397014 1334097480
                                       4000408148 2585294214 4001823838
                                       2086281889 2810053532 3873800447
                                       855306442 2772274079 3330997807
                                       1145365962 1806198893 2628017517
                                       2642252791 2824870203 1235354830
                                       4098386174 3333693999 1511922017
                                       1489810766 1139378535 2066359689
                                       2647849000 2267548145 2421000955
                                       2869165925 1153917498 908799344
                                       1712159513 655357718 1631281060
                                       3512083391 1285485991 298722861
                                       2297131891 3001535476 1925688322
                                       2564329892 1569244466 3771788703
                                       3415034871 3407957520 3670439141
                                       843054212 1538751859 1891123532
                                       387911834 2189637271 3256469481
                                       156709915 2932616860 2947293449
                                       707024346 3446988246 3024559598
                                       1139224641 3622486508 2282674931
                                       4225902650 1461323990 2380737107
                                       1899660416 275547617 3809533845
                                       2490309675 1823051312 3558033450
                                       1654399914 1304794655 2904323278
                                       4274943796 1823231467 1855968002
                                       3406420585 3246819971 4229456199
                                       173344459 957867739 1344531664 757853938
                                       3443730758 1500866737 1708140533 4923823
                                       4069464334 4138762757 3815938539
                                       2565594932 642254957 2457054912)))