#S(RANDOM-STATE :STATE #.(MAKE-ARRAY 627 :ELEMENT-TYPE '(UNSIGNED-BYTE 32)
                                     :INITIAL-CONTENTS
                                     '(0 2567483615 473 2990016688 3784049891
                                       3083795541 614049784 2451280801
                                       1666613704 581963409 3388267925
                                       894379479 3398943470 880040813 740128923
                                       40978730 61245554 4199076688 2804972277
                                       4271496345 4220263065 1967472148
                                       1493703046 2282399159 4208021208
                                       1922483017 512050756 2905529825
                                       3784426951 1410902612 3563493387
                                       2890046567 3485517380 789833516
                                       2845841845 1137473956 2786617284
                                       958002281 1449270227 431865921
                                       2685221938 3776451982 1366554297
                                       2544572661 1928476557 2492435818
                                       1103279479 412138937 2897094729
                                       4246852794 3988624062 754065721
                                       2997523334 3980807381 94645732 711583400
                                       3524421551 723153475 1818386262
                                       1760518691 2893202044 662146906
                                       1147995701 1312488442 3024798975
                                       1708294807 774150019 2677427975
                                       314972763 216767517 2317035815
                                       3151646085 673009885 46299206 307243993
                                       4006494107 3119547418 3024988662
                                       2695881376 75763191 1270402900 718916225
                                       2258932286 1648409667 3874309670
                                       4001912140 119233046 3312204063
                                       1644325952 2441323476 3159484804
                                       2486089140 1640995524 3112277276
                                       2935921690 3700633749 2219885060
                                       2356543446 571588551 3323353694
                                       2662266355 1126745222 2472502817
                                       3306556154 2637289587 2436413330
                                       1088900951 1892450446 726644621
                                       3882259742 1049737804 2081822438
                                       3132226989 2627578031 3188382612
                                       2429014046 426081085 3250781938
                                       2738726612 4051316484 4222058565
                                       54484211 2124071775 169720782 2480814583
                                       2176270649 3673253257 1819527991
                                       738145510 2383507418 3032533560
                                       3815082669 1485175602 809874818
                                       3064091367 1577099000 4247413302
                                       2253977454 2891787030 3687331823
                                       2589248128 3125999242 456284639
                                       2944389267 1262906431 3668396480
                                       2135295701 2627385449 3209712194
                                       2497743325 2562924118 1678555406
                                       2346458854 1361313212 684278348
                                       3913722791 3914373546 1542958652
                                       3477077504 3517288640 1814496921
                                       2447584462 1085281024 1314956953
                                       3286155353 3697421198 868721750
                                       1967919227 2301561275 3813904842
                                       453983010 678637441 4227681685
                                       1990502899 700363595 2803444040
                                       851398277 1382558921 2094538100
                                       1627285618 3247707805 2600247795
                                       3853181224 1449959575 1323261144
                                       4215646281 1588937706 3751945257
                                       2212566115 3377844974 456785801
                                       3877968829 2820765096 2924023708
                                       3127549000 3706096690 1719238887
                                       3980072856 3983325064 2032455124
                                       2714505861 2988270462 2593752504
                                       2824253636 4198511801 1389031613
                                       2813296855 202037288 3037078834
                                       1762493487 2586352850 193318752
                                       3506433283 3706408103 3128420944
                                       1884854766 3686714216 3017857805
                                       404391894 1455588830 2240753080
                                       4238972724 4228260517 3377304557
                                       1178906446 158297421 1849832468
                                       3167994027 146901880 160032009
                                       2492727895 3298615667 2878073488
                                       3502863123 1693401899 4212133009
                                       895330658 11723785 1893588487 676642350
                                       227461895 2548110220 679025772 617081816
                                       1287849162 2543264661 2121627808
                                       1599801518 1576403406 2597633829
                                       3067662094 2753393446 3630735413
                                       786163847 171328696 3290933602
                                       2576170515 2510057967 2929024408
                                       779061031 3989605505 1509249981
                                       1089566446 2921215610 1758879420
                                       2943283726 2854264009 1264968835
                                       761871407 3267349287 1793200516 43594411
                                       23638714 4208356491 1348912150
                                       3075948463 1572739668 103964312
                                       434896116 2160721434 3934188838
                                       2298784505 2295607578 2338238622
                                       3840287007 117299314 388128365
                                       2482194182 725363718 2384346278
                                       1872021274 3643787850 2550036503
                                       3275081953 4020865224 2721309318
                                       1463568181 1492373189 3631154066
                                       1631449527 1724675796 168018318
                                       1405841609 739243960 3572115913
                                       3267634901 3797663792 2739087488
                                       461823775 3252901930 1386224782
                                       3940075992 3849517217 3764942413
                                       3351559236 3505398674 46355864
                                       2298708024 1200194144 2550835723
                                       3090380201 401323022 1782261881
                                       2787845566 23888497 378632691 2610321950
                                       2147541346 4288212532 3473380172
                                       2576214279 3838739062 2039330630
                                       1536919127 3904490945 4242964902
                                       3281403296 1638214606 3868106726
                                       2344559364 4150689803 802833123
                                       849755360 2054038342 3097015947
                                       4104581925 4002927008 3791277679
                                       56381488 2154777970 2411097622 827296565
                                       2230590360 2394198245 1846679304
                                       2654592129 1940115872 2668946719
                                       861714907 2464019332 870652310
                                       3312736195 268717154 2982388088
                                       1323448216 428001282 1618757980
                                       3752445104 1063788429 3885750217
                                       902424155 3293538997 533970515
                                       1383561476 1795575536 2213566067
                                       2474558828 417816947 2373651445
                                       1397180987 26331315 354669293 3819738801
                                       1540752166 2775865540 1954430616
                                       896664896 942329000 3071976491
                                       3980458803 3375143973 3744221147
                                       1972522254 2582308163 3847942686
                                       322724070 2188712339 618307573
                                       1761241295 3802259079 463564994
                                       2088400052 367822382 3465074505
                                       1338847910 1269906378 3012169251
                                       1389241132 2875939896 1535345290
                                       4047651548 2630126578 501163091
                                       405640801 3140466394 1142795204
                                       3301791389 934582633 661078089
                                       3419294643 673584234 2602324969
                                       3358858707 3147499351 832218238
                                       350218860 482125966 3548290889
                                       2591116972 1552653494 2951081543
                                       3345454518 3191264346 3530572085
                                       269989762 482916609 419401395 687296370
                                       2736315854 2870576942 1274948448
                                       3549679686 3674410657 3383459151
                                       3200742217 122707180 2526540426
                                       1452981693 1826658392 309359448
                                       3236694148 2157900715 3823715822
                                       918643917 599750033 2221739822
                                       2426109098 913550323 1241761367
                                       2618901312 3954500411 3252494270
                                       3366726189 1502717093 3676930816
                                       2892662540 668364408 514103660 256116448
                                       3249348099 1772988363 2956577798
                                       2716239124 1264179535 3445708295
                                       1823152127 3353029952 3489616507
                                       2323411562 3858348378 2504580056
                                       3630513568 2999061515 3483951139
                                       3828451176 3570626114 1665047098
                                       557581109 2811753804 3980348690
                                       2863991055 244922128 2921433832
                                       3037655535 522140284 2106029851
                                       3071916101 640219268 815907019
                                       1828185691 1463601186 70873448 45510488
                                       2366622179 374702340 1458995377
                                       4177986813 4009598012 301543980
                                       3516572695 490433729 3580986670
                                       316730057 3781492394 2057819580
                                       552403057 1689571762 818579205
                                       3773076543 1108974744 432038144
                                       3879165136 3581989271 1673888112
                                       3870810301 2989347330 15704016
                                       2672661564 3242756969 2289263912
                                       3477326255 1071341017 1700441670
                                       1458124143 1902929153 1603973500
                                       2181093836 187852175 67986398 590834657
                                       3753687421 303886915 1553023867 89544258
                                       2086338843 2306483054 144871829
                                       2360182317 3429189983 1812944648
                                       1458920490 3345034139 3124717028
                                       2674520906 2986801633 659760520
                                       224293909 127850223 4167219690
                                       3048017275 2159866265 1390947285
                                       3444576619 891708517 3096253384
                                       3206999192 846698499 1332558151
                                       2356160706 2084480915 4273484136
                                       3379756465 294212053 23310234 925123915
                                       1783798807 1884570767 224132938
                                       394333243 1516255269 3301434171
                                       1591281710 803077199 1941465471
                                       3794234729 2797189117 1284794713
                                       543132344 1901902221 3638671944
                                       2285082582 3384744004 485589482
                                       325432077 948984279 1003757942 45652568
                                       3354106951 3170640376 2366407057
                                       142176072 282894163 3333518635
                                       1307804005 72538066 4008600335 986211651
                                       3521562683 3939259810 3151316005
                                       4043340704 2321765991 2576219544
                                       2745253638 4284622350 2185385736
                                       841782084 516064976 3692307671
                                       3574914348 2144035070 3845741260
                                       979838603 3902134358 467895178
                                       3066189390 4223523551)))