#S(RANDOM-STATE :STATE #.(MAKE-ARRAY 627 :ELEMENT-TYPE '(UNSIGNED-BYTE 32)
                                     :INITIAL-CONTENTS
                                     '(0 2567483615 220 1263437436 925995841
                                       2104067550 1638080802 2001269320
                                       3810452897 2656349036 2456924937
                                       1754595467 54904027 2791051702
                                       1028628274 2760111944 4008900284
                                       2067507622 1458827323 1954785362
                                       1824663387 3842433059 163399623
                                       1905063796 2225129428 564262300
                                       1097087692 620681426 3722708231
                                       2758175358 924222121 342172835 754067491
                                       1196648968 3283230322 2970081967
                                       116510973 1275303407 621009218
                                       1645677706 3641047484 3147025248
                                       2521984832 2235346738 1182128497
                                       3345009405 1212566957 2157474218
                                       3522335800 3746884368 1847958074
                                       3977202434 3072056444 1056325680
                                       1670703508 772542619 378133257
                                       2205057054 3296133821 1193889273
                                       1846632437 859113621 4014936157
                                       3502519946 1792433582 1041332810
                                       2405665863 520487078 230911081 575226606
                                       1120091470 3457309993 3138916160
                                       3706121793 2871472268 2234686287
                                       2375735246 1800051930 3607173123
                                       2428235863 3667983530 611176391
                                       2646127412 3807651681 3245764634
                                       267870140 2601089335 3333155706
                                       3682462830 753422212 880315744
                                       2039544514 1097650144 2289700837
                                       104369344 2200678337 1598929500
                                       1970114567 967003407 2146330242
                                       2920994974 2244291417 2401542435
                                       1044624420 1874149975 3673546427
                                       192463842 2438660988 2473540104
                                       1634474451 923800220 2368034107
                                       238565615 2164977739 3328943072
                                       3407504832 1569431220 1735683702
                                       3167835012 555128697 1132458110
                                       2423178123 2342600956 3851946689
                                       2274864520 1961321357 104462616
                                       2754425191 3233252288 1575216367
                                       2092494779 3518631 1027833685 447849747
                                       2247656287 459938316 2050492670
                                       2221927626 1513163989 1949611826
                                       3818474313 948406713 2684233702
                                       2126473316 2849299291 1572767343
                                       1735568505 2716535451 1419337460
                                       13855123 828115101 3477954614 1100340644
                                       2245638138 2564692699 2518635458
                                       4181484109 3637694557 977328666
                                       1201829049 2778867909 3547111391
                                       686518498 4122842167 787183571
                                       3589166336 4215516852 3133098028
                                       2292375664 261688601 3493109975
                                       2267157393 3250684220 3697842810
                                       739743547 3248060961 2197331269
                                       3292864148 4093385796 2388818247
                                       4139460044 3166027108 3485399286
                                       1934541142 743851741 2866898651
                                       255644097 2071769736 2149324866
                                       2084810923 353384956 805876219
                                       1348126125 1409881352 3651969215
                                       1074480255 1786648127 113144009
                                       3169518983 3725175327 2953517658
                                       2551843186 714493507 1386138196
                                       3345607847 3991724374 4168051811
                                       557582396 3804603444 1763307268
                                       2686751162 584877349 3996217358
                                       565878245 2259640013 129379986
                                       3823289138 4213075273 2933176000
                                       1091307272 1376413346 2675620157
                                       1735066838 3596615861 2616806417
                                       1493346207 3552509289 276667881
                                       2714114307 2867904702 3907011075
                                       2226892335 528644847 3189706301
                                       206237512 1539294175 2151166635
                                       2395531050 2902416078 3787943248
                                       943147218 3526888288 378441278
                                       1803093709 2416963582 315429097
                                       2975022968 2566603516 1522599732
                                       4215239621 892014523 2268964651
                                       2221527741 4126353903 2423445608
                                       468035042 923328203 2317956473
                                       1705001246 567576438 651897717
                                       1442796806 3335364660 1988331149
                                       3909947537 3552259376 110400009
                                       1431010470 1688390525 1648560913
                                       2285914627 163171119 2319746084
                                       1819588944 2802133034 2664469943
                                       2295676550 3704220026 3015265674
                                       379593626 1788731692 2074558566
                                       3724390863 153859434 2022373964
                                       1326669040 2985807522 4110144430
                                       1787317721 2679311013 1601021328
                                       3832403255 1450814322 3275479358
                                       166010116 785633216 2694802321
                                       2013078311 2790462853 3939327289
                                       2465705671 1860641019 621925420
                                       375131097 2469571773 438224191
                                       1669150018 3657517165 1832393726
                                       2313306452 2820254099 229586342
                                       2315076310 1996541673 2859013255
                                       1689836188 147693754 983199962 223041731
                                       3283772956 3213540804 178425867
                                       2466784276 963123767 343273777
                                       1192516410 1438286078 3319889272
                                       3813427807 1981771561 2041802122
                                       287989143 2041453005 15723006 860694331
                                       2916105547 3281043054 114743223
                                       387696389 4098016836 2660131038
                                       3089098414 3285581320 2197608396
                                       1375288572 1405824169 895914849
                                       2772182049 4194664436 689705744
                                       386717402 2701679820 1180993285
                                       3408734269 3446277068 430304962
                                       1161647765 1259605482 1298890453
                                       3545111011 3730320238 1308837693
                                       896421766 554357829 1008427981
                                       1742883520 2048992840 2179587703
                                       1652218876 136442865 1398126311
                                       1197415142 4200299012 2177222759
                                       1101906313 4070229383 3633937605
                                       306261204 2854567803 2223472356
                                       2364025943 308087667 3719032610
                                       690945579 1683922814 415527512
                                       2973466442 2361917091 3585294888
                                       2873260007 169905675 769761391 31257888
                                       1223864251 2218083774 3144681334
                                       986623637 1485796788 2161383323
                                       1812603994 1681761367 3649059280
                                       1570435091 2267825550 2539333829
                                       3997471023 2864953439 3777704514
                                       465704547 470612904 635185252 593920897
                                       1837237569 3879840342 2424841751
                                       1795493361 2880892676 1633643929
                                       1940736914 3085990812 2453138341
                                       1537758747 2138574999 681387886
                                       2222768492 2258268448 2902712171
                                       1749466098 2432625560 1426603954
                                       3577405815 221551166 62551608 3380844205
                                       2013714341 4222574558 293474070
                                       3340233954 2383198040 3718301744
                                       4028225640 1111751779 2007110194
                                       3050638234 3612572772 189111401
                                       2053517171 3692929958 332403793
                                       2536487475 3355268816 4222477612
                                       3730381549 1023886873 3595101822
                                       3508753307 3427844592 3782296541
                                       2328929243 1966488840 3791421894
                                       4022630921 897823096 1675680571
                                       3173686622 2258704152 3841702906
                                       438272465 2483430215 358493074 37820613
                                       341708335 174021900 1775047574 545950774
                                       1104767750 1955544231 2213170039
                                       737096463 3484101036 3309106655
                                       594516270 1371309278 338096216
                                       1135873590 2747233761 4182404159
                                       2773054338 1887718466 3842730308
                                       4062102545 3795112842 3746587233
                                       3315275179 450278819 2744359056
                                       604007032 3076199152 2641631194
                                       828142376 276936805 2248593645
                                       2156031289 3725983951 2757993031
                                       39049430 1792176626 1638263552
                                       1607672836 2645099709 3492007790
                                       1449926944 1494250710 3151595352
                                       3651498619 2916336621 2328921207
                                       467551913 1058511707 2903189448
                                       3747402347 833011616 1852462014
                                       3633096059 3867242173 2039426440
                                       1353246699 3371973122 4110751413
                                       502548307 3205925642 706413713
                                       2839319923 3030264753 38105857
                                       4112921288 3682500929 989506547
                                       667198078 1350006425 2874114708
                                       1211824057 3505438265 58251791
                                       3074258143 1317711371 3270512606
                                       3750080394 1111549464 3954707054
                                       1719346920 4254166719 3049012637
                                       1048854465 4008186796 350240953
                                       2787420448 811156596 546067376
                                       2817699675 860658334 4065785723
                                       3607191410 1176025478 1235122124
                                       2585063018 1357059278 2318096468
                                       2310972392 2221907347 368991050
                                       1821599382 2266529113 416440878 36718368
                                       220899199 1646800040 270011218 545278505
                                       3718057623 921596327 1065122385
                                       116032652 3223548570 841605335
                                       1879261895 1196067051 391810786
                                       3954935200 2092833865 1584135855
                                       1572298975 432594521 2586578912
                                       1594989757 944291680 433118717 128104536
                                       3755524083 2026488133 1590419978
                                       1800936468 4149013298 4061709713
                                       1466752034 1353382763 1208625490
                                       2448238657 2787987922 1147668324
                                       4266704121 1562008913 2057944105
                                       3457743032 1467760813 1847220827
                                       1669657616 1820362730 27400906 409351543
                                       2899430226 2908241792 3192481020
                                       2641572937 3980608705 3107628184
                                       1236100964)))