#S(RANDOM-STATE :STATE #.(MAKE-ARRAY 627 :ELEMENT-TYPE '(UNSIGNED-BYTE 32)
                                     :INITIAL-CONTENTS
                                     '(0 2567483615 321 3479558062 3144134665
                                       4172897784 3353243445 377499739
                                       3928238542 3764271778 2792039524
                                       3215525672 4005561025 2873031471
                                       3797005514 2256658062 4172743699
                                       665388699 1883175656 3328013273
                                       3433256195 1065652313 337597332
                                       1640343993 549081752 450963725
                                       3322134423 1208381296 961941548
                                       3340264549 411801410 1668851332
                                       3228005325 1717443358 2491841284
                                       3781992891 180675366 1509400475
                                       2958649059 2664012279 3921046117
                                       3084557092 1902466635 1418586621
                                       1154472506 465387457 2147429128
                                       3867619547 3228750880 3793288307
                                       3899987396 160113693 313516123
                                       3872483364 1337036935 1861890333
                                       1866429034 3349570734 658718349
                                       3904378672 2248938076 4118627082
                                       2671123396 2863836624 3099016008
                                       854654340 2016576352 931819829
                                       1709808994 382201258 652384209
                                       1847382226 2314980146 1328301188
                                       159335759 2191707684 570849196
                                       3955049446 2172197564 3412340451
                                       1064859423 3024332017 1720668983
                                       559754762 2100861886 2610122366
                                       1997700396 906878707 3935806063
                                       2730030871 3842592889 1206035114
                                       3100990565 570646765 2078245262
                                       777575139 4276824477 4118740844
                                       1388624919 4186956078 3641094494
                                       3897030639 1310474020 1533750936
                                       2597928473 2874281649 1743520967
                                       875172619 1320319014 1971687993
                                       4067106825 165999346 124661456 47209586
                                       3868811463 2135542531 71391764
                                       1135624758 3829784043 2623952105
                                       848784396 3163386038 1098104048
                                       3782636182 25237083 2981027289
                                       3280761690 2882235764 1516863987
                                       3280645166 2771575805 1836669427
                                       2216461650 728268676 2401820982
                                       508199275 3979376841 1060653693 49125207
                                       3431723943 2580675207 2442749597
                                       3859061553 4126283220 285634558
                                       3600744317 2460676457 903197673
                                       3996333210 3362364153 571185983
                                       2015858009 4102382921 517821155
                                       500334083 3322342550 932601017
                                       3792798473 2304854333 3425796415
                                       1373250891 577835581 3399628241
                                       3678824863 1802111145 3590084413
                                       1791983950 3158267943 766017903
                                       1573091549 3661344795 376885676
                                       436485168 1206876677 1227671416
                                       3099054168 1174338357 2950286917
                                       126061991 1371250107 2153423384
                                       3532274351 1177033308 649680713
                                       2942518221 2670515587 286572897
                                       3187044497 462816896 2114866076
                                       2859560626 3125026141 1378155295
                                       2733089409 7741874 932735031 4104177409
                                       3289178088 2937121656 2197123802
                                       1506571974 1163679529 1858288148
                                       3739608792 91438694 2639314623
                                       2518427104 981457834 2320809193
                                       1320993702 3651992292 3274493438
                                       3143935015 1028406600 730456893
                                       3368108917 4125290598 1450504116
                                       2071641811 4242189021 4083303734
                                       3527369593 3950733879 1526017030
                                       1475880202 715070645 1063973266
                                       2454964085 1382107484 10981943
                                       3143103314 263209748 571456069
                                       2995956216 953933461 2164434858
                                       588941868 1306394859 3466555975
                                       1541153004 3337442222 1996258097
                                       1922858743 3467134964 916519075
                                       3188173522 3634978542 2125538566
                                       415561385 669777586 1949588238
                                       1992562589 1930222750 2608730616
                                       4281434351 2282236225 3153290508
                                       2639522786 996339113 2574704473
                                       4264884459 3849482240 3781110708
                                       4115303366 3328402305 16448747
                                       1190285650 2553303145 3664496753
                                       2722580122 2780018487 1867528112
                                       1964200058 573914068 2659924785
                                       1981097270 2355723981 676810951
                                       2340649525 2973147623 2349955513
                                       31505522 196058751 1398808115 1007824593
                                       3826347365 1584511712 2077775397
                                       2149923234 3774393397 462938911
                                       1534395777 1620006580 48078306
                                       1699064289 260930897 701463814
                                       3146335284 3490846937 3578458222
                                       991281739 552701423 1181073260
                                       1767846981 3835571068 2925813056
                                       3327900792 156132557 881785430
                                       2682268423 697025587 1632403868
                                       2532430968 2045370472 872341852
                                       2323542447 636252204 1721710978
                                       2357802266 1485828855 2918003632
                                       3652203430 86198228 3668743608
                                       2789095339 3914344074 1764406482
                                       3780066008 4066700366 2412147707
                                       3203609341 1189213192 265460012
                                       4055005527 1322779204 325222403
                                       3566885400 1170149172 1954324477
                                       1650367415 335710019 33793767 2445070725
                                       3072892195 1428741199 301644888
                                       3964321425 2415271976 811255952
                                       3406193434 861517504 3487127260
                                       296254147 2086082278 2646963962
                                       3851698685 3131364220 1381588696
                                       3727286770 305999809 1858984105
                                       3661352804 246121481 3414825147
                                       2878928314 756539412 4071949124
                                       2746657406 29210786 3190519743
                                       4238850559 3550482241 2779592517
                                       3237461148 698229394 1225729336
                                       1401475044 1224776167 2312384325
                                       2283135777 4176105504 2255920955
                                       372318240 568225876 4288522237
                                       2768616239 664790761 810873433 831943328
                                       1000838287 1698403059 2337514727
                                       2754572550 1948481505 2128299836
                                       3123129534 3697824942 2897988380
                                       1110214934 4215937076 2793114003
                                       154824777 3187398343 4269477646
                                       2499449300 3539730882 557594715
                                       3868994391 2876844920 1177616412
                                       837826023 1237034961 3410922452
                                       1479205449 2084178882 1471932394
                                       2321763823 1814982391 3033971522
                                       602151561 1000103542 2135117178
                                       2073458552 961785335 2659349479
                                       2410054631 1501794628 1652756784
                                       3318157098 1055037274 3689784416
                                       2189353428 3116465638 3270007842
                                       515843548 75742907 1665282967 2938488728
                                       3778770589 4036361384 1635315349
                                       2432776411 2748467475 2885762151
                                       2514413687 137300776 4172116850
                                       3165572555 2259011235 3470095658
                                       1188025552 867875786 2695122927
                                       1357903555 2847751766 76378323
                                       3713753960 1970227851 357516767
                                       1165872942 175595352 4253660693
                                       2602605074 2589415450 2739452338
                                       3736315539 460605001 3987580161
                                       965586726 1944795688 3979109402
                                       1951656143 4009543830 4250046278
                                       2865382365 3458341701 4133823027
                                       2584241553 2488820466 1288673311
                                       764614534 3054459238 2355713641
                                       2691698526 850645589 2345017703
                                       2474546100 4162596808 26979742 510845812
                                       125233636 2549472412 874632703 966189781
                                       3490799069 492791711 2550256116
                                       837127108 697194251 482758594 2440736156
                                       495634156 2028722861 776729472
                                       3502159675 1066410827 3190302079
                                       263815233 2772778212 2173197981
                                       3217126628 3868279757 3019358342
                                       2556860085 68927673 4015188419
                                       1224276546 4022484601 2997949391
                                       1953952337 2179429179 4265785677
                                       3571353055 2823368391 796319461
                                       341960643 2514723184 855711153
                                       3076093811 2050096069 1098869056
                                       4290345356 739510725 4264937593
                                       491806318 3256217122 4232490975
                                       1940320331 4120768348 3065686759
                                       753371494 3451159998 929912227
                                       3719218338 679626262 1499307835
                                       2220342122 1773379144 1918417426
                                       4224097256 3237272071 823133951
                                       2638510109 761644052 2743467763
                                       3808355208 1344869633 1596358458
                                       2749213649 561227122 3074884798
                                       4084139008 15990575 1135600414
                                       2109905675 3388015753 3610226201
                                       1169835321 286331090 3164491290
                                       2195266745 1363536891 1620967460
                                       2416397978 213193665 1064794854
                                       3654807290 1375506143 163052409
                                       771400669 1837762343 1264134303
                                       1726351659 755155301 2019647476
                                       3673275626 3421807092 1763871915
                                       2700644378 1459271572 3662241932
                                       1985108747 227054208 3140172518
                                       1189048515 565917911 963320759
                                       2606688395 1350408080 3234170648
                                       1036681144 1503577639 3897181986
                                       3185006898 3892388069 778466385
                                       3232691975 2151294515 448133467
                                       1292129206 679500494 598650024 490541033
                                       3819862225 1105243175 879001471
                                       738160603 2322596959 646489159 145457835
                                       1929991888 3603468653 3014048678
                                       3752422256 1731102875 1039958791
                                       2633561059)))