#S(RANDOM-STATE :STATE #.(MAKE-ARRAY 627 :ELEMENT-TYPE '(UNSIGNED-BYTE 32)
                                     :INITIAL-CONTENTS
                                     '(0 2567483615 389 4040687151 1938579402
                                       1001743340 1529551866 2931553118
                                       2757007907 157795168 3582114306
                                       4243806105 3224834323 2963850047
                                       1859339641 974844891 3427951643
                                       3373019300 1628190331 129898623
                                       3190712707 2311097504 1305780262
                                       3672645362 3976001413 131274875
                                       3526571966 4226168781 2815083495
                                       833388843 3245848298 4116883611
                                       1431018380 2252935486 2128520053
                                       3033730481 1202167761 1797212251
                                       1135423793 902030148 2242737118
                                       3116134580 1157689489 3755002658
                                       4225516019 567217466 2639862617
                                       2462083808 1589968744 3049170515
                                       3607477774 450040214 1545128214
                                       652591738 2910105403 1965019220
                                       2784922573 4281778902 3036416642
                                       4066440440 140899052 39691507 563612472
                                       2793871605 1286718110 4071390841
                                       2930445530 2366150103 102564055
                                       2354878755 4037740454 3817833412
                                       2655969399 2909196014 3522539132
                                       1560120111 3316242402 3581806408
                                       3527907685 1575696282 1968232288
                                       720750451 1613531416 2653338671
                                       2618808491 2273817276 3240007593
                                       369534043 3824873542 30365269 3134031854
                                       4051843128 824666115 721156230
                                       2760715372 1819701984 288322303
                                       1009387607 4093222662 4103246413
                                       2230392439 1606303646 2825173264
                                       1999059775 1395294745 3572557662
                                       3601552195 2526887279 2673645175
                                       3400250776 1340752701 3013103003
                                       2554881524 2831595005 3665648697
                                       2942573902 185478440 2617810227
                                       313593196 2674404448 1883650918
                                       856121524 2580552941 2557668400
                                       3165449280 353981295 2981259378
                                       1309146702 1246540904 3002008327
                                       736554494 3780955119 1362858996
                                       2993671614 3741610007 4232732710
                                       179295277 3684594048 2819537979
                                       1938768360 1036404377 1046604655
                                       1306673347 811862023 3929548406
                                       578269128 383399505 1685875560
                                       4046775131 2288488555 4095842491
                                       2167094185 1002436745 2859900623
                                       1737774397 258721207 2931245802
                                       397817435 910856723 1548274424
                                       2028901951 1375220891 4118907167
                                       4231276160 4108537447 2686994517
                                       3754332915 191730556 1375202588
                                       1967391988 340008899 3211583505
                                       3827750465 1370674668 1745839010
                                       2802229786 2313648978 1465701155
                                       2453555209 3157103366 1037785398
                                       840085443 3682717105 223229911
                                       4026378622 1445041616 1335783117
                                       3247875343 3069891446 1435964875
                                       390830586 4126353955 1012184698
                                       2298338561 3846329703 2373077850
                                       106778165 2323498341 2448504256
                                       3936242043 3382934671 2895820571
                                       1301779205 3999159726 1706721569
                                       3449796273 1112901546 2372318366
                                       4080150246 105508303 3798947376
                                       939209381 3660371486 649673663 216881941
                                       1301706983 3906448229 123017036
                                       3980236894 799029823 55281775 1307266160
                                       3099678215 1109107995 1320651898
                                       3237553856 884222074 3062018678
                                       3394812356 79938784 3025442367 115670765
                                       770226471 3116395630 2135786861
                                       2039129462 4128759741 3479700532
                                       112790659 3415563575 188768022 616411025
                                       3525796853 3255663591 2511474622
                                       826768869 1580490614 4264444467
                                       2722658101 83669037 3021046470
                                       2523112610 3381524633 1914069846
                                       819820493 1611731528 2422161807
                                       3756885523 3514816952 2562281783
                                       139532990 2090100836 1973657611
                                       1152686197 3109618110 3853183548
                                       2679305188 1787125561 345533919
                                       209591339 4231489669 3044922123
                                       2886770691 3068452403 785019089
                                       823953024 4125047636 1400704565
                                       3838561406 3773335096 530203758
                                       3029648320 3038089073 765765339
                                       853086552 536012035 3413690334
                                       2633531853 3000704796 3343057307
                                       4135594851 1039079443 3457937328
                                       4234502775 2836785812 1908637695
                                       3603052332 865799801 1406351048
                                       1637940127 4240647432 584059500
                                       1578906990 90965896 1874915950
                                       2602271128 647849321 2797364299
                                       2353596800 160376239 1976216075
                                       244023929 3444824417 520426104
                                       3131666193 704951314 3765200679
                                       593156808 2770903430 4050718742
                                       313024480 941175756 246983712 3200129006
                                       2140074156 709416406 3322889021
                                       2217856249 1563996668 527281101
                                       3129067802 2426008788 179958622
                                       3407796210 3754516809 2561093887
                                       887737721 2295215029 3520565783
                                       2344472970 3717934886 939244324
                                       3352366472 1700398140 1200703654
                                       3633938907 179871434 1061251562
                                       1905219817 1781785369 218423462
                                       2014121030 3834764033 4131661577
                                       1690314997 658689102 4049818897
                                       3228478183 2697795240 267679152
                                       729760960 860186938 3578485123
                                       2793640703 1833348476 2666386061
                                       1165260762 4130388318 2874327526
                                       2532111864 3442029048 2956816087
                                       1652170702 436678654 2995782861
                                       894044989 1555841887 1053462678
                                       3998154458 1435183266 817021235
                                       524466307 1039048335 839747132
                                       1678123792 1210206264 1284970530
                                       3533739972 1199343495 1757560902
                                       3922998930 1976611762 221980256
                                       622954189 3969619018 783236600
                                       1841882774 2051404783 445520287
                                       2632645563 3287901585 3956963481
                                       4075015096 3552343444 3349037171
                                       947635953 3178825441 1177223022
                                       193989579 1942670856 448728572 341512511
                                       413070785 2813310551 1305806098
                                       3467974891 3882227036 1558918936
                                       2514150933 1393329091 848548308
                                       597168289 1234651778 2546305562
                                       2843439489 2400934454 299992367
                                       2948384922 3422086304 2062214857
                                       713975835 2677673530 1752694520
                                       2315033504 1268638526 226073893
                                       1165270742 1768327925 2131079099
                                       1124451899 2900508713 885863529
                                       4080164834 4060294876 656666196
                                       4146435237 3680283263 2749690790
                                       1476821022 3082739932 3708326942
                                       2201388280 2313675651 3520591492
                                       4026892978 3779410920 5046179 1924547473
                                       721944727 1508281097 3104725924
                                       2444166864 1470631892 22085183
                                       1680612416 130187857 601140056
                                       2724643021 700395605 437976182
                                       2060633854 1124169976 1531826030
                                       383505341 1203636287 1648838056
                                       486862515 667081330 1663119528
                                       3040683809 2259501916 4100255582
                                       1575659488 3568373780 554377002
                                       2424575873 1589811794 2104444442
                                       4282848879 140756622 3145473624
                                       1351288875 394908724 9525425 1027993735
                                       3088675742 3520990569 1598109837
                                       2246347731 411171981 217897707
                                       3413091576 3928801774 3346592737
                                       331205442 3744863785 3944600937
                                       456320427 1807820531 1093149617
                                       714246458 1596930331 3739597205
                                       1740886875 1832409505 4158891469
                                       112525120 1894198043 4191710996
                                       3605976625 3101414959 3720908724
                                       704284514 3975596785 2421979534
                                       432135922 987291731 3644344091
                                       1707948411 264800600 1515491442
                                       171336574 2224650027 1215824509
                                       1497569254 59753266 3940769327
                                       1962424606 3200566049 2994133085
                                       3282298423 486233123 1171327830
                                       1834992490 2063852959 121743832
                                       4290583407 1566799257 105971781
                                       1960445651 3495477791 2408954794
                                       2759442416 145042696 156294468 521527917
                                       3703863486 1286253610 198097264
                                       2332978924 1137475443 1516708735
                                       1231497371 2810813163 2663409864
                                       3534715749 4293112104 713846061
                                       3087976455 2163105774 3922907799
                                       2749059406 4111190144 1201230569
                                       1562955609 837375401 2216226146
                                       3382211073 2485853870 3732671376
                                       38857960 521500579 3899481956 1264305279
                                       2474329210 2927357318 1860823042
                                       3551706728 1392502559 2599567177
                                       1870852845 2041945395 2691959832
                                       2499392176 3943157563 4282455017
                                       821187264 3872949789 4242613616
                                       854754169 1399588165 3311044588
                                       1152616152 2970780161 245876099
                                       1218887128 3890443316 676703225
                                       1686618821 1956363781 679829921
                                       993431297 869374429 3218889251 147473662
                                       4128684368 3473641847 1292610205
                                       4038962952 1470725256 2789902678
                                       2817635328 3843990705 3760953108
                                       3852487779 3280357544 2106176627)))#S(RANDOM-STATE :STATE #.(MAKE-ARRAY 627 :ELEMENT-TYPE '(UNSIGNED-BYTE 32)
                                     :INITIAL-CONTENTS
                                     '(0 2567483615 413 662976384 2000104436
                                       3064751711 1820154809 1127617732
                                       855116481 2260203521 2233412635
                                       2941278073 184626459 2390333868
                                       1287666254 2523644230 1387380252
                                       517172014 568934023 3421295704 568280785
                                       204616782 3907455134 2851057316
                                       3742912655 2438681816 889482497
                                       3551057121 2842428603 3828496137
                                       297970884 4274685315 4030778839
                                       2151940248 1921230287 2938198760
                                       3552728819 2408062006 2460042683
                                       3589813200 973461257 2537838467
                                       1008739086 1694310777 756945501
                                       1142230055 691213474 2336061820
                                       4240111809 189045091 274271169 763519185
                                       2199510975 3579021161 2369791209
                                       2133294111 1281504852 1618762827
                                       1673563313 2664328112 3229451020
                                       1497942041 4116318457 4281929885
                                       2973553683 3483189818 4150762287
                                       1143544118 1177155621 493875939
                                       2173852361 254642482 491487444
                                       2458440382 1684764935 1914618806
                                       2902749377 126747427 3636652631
                                       372495412 2350960547 1424199774
                                       2690474664 3710780628 1385257975
                                       3016686095 1411824495 2293978152
                                       1086226455 4048704263 3867144239
                                       2309305510 656748532 757294668
                                       4248159144 2135230664 2714380910
                                       1890258392 3677225873 4116013169
                                       3454341913 127401145 3718135002 14643612
                                       1113186610 864225477 3096475565
                                       1689097919 1986152005 1045542932
                                       2983413443 2970156591 1029934198
                                       3828448616 263235420 3885091006
                                       1587540092 3784529540 72014379
                                       2777846561 4226633376 2221398896
                                       22811603 2105247262 1057396698
                                       4208581288 3487338496 118061840
                                       1594157998 2772308067 3931073557
                                       3035782634 532528051 3615739594
                                       3256260680 2798553628 753029087
                                       1875405856 423050074 1327922958
                                       2213027200 1680389366 2708328223
                                       1408376776 150344071 505576014
                                       2702529980 640180443 180337611 527734187
                                       1115312401 2632318385 787977481
                                       1378359218 4068611177 3258798430
                                       67813114 785256045 1733968948 340756133
                                       3385353229 1530688949 326807428
                                       1607666537 3047536418 1120331872
                                       3360353746 2717426417 3867440261
                                       4157859945 2096023498 2159512489
                                       82921080 2640272129 874309296 4186948384
                                       2161145454 980755730 724716141
                                       2052485976 4170491777 3628625874
                                       4028943336 3632520436 4079146728
                                       96504274 196135571 3915623156 1318587388
                                       1531775802 4012095455 174955289
                                       420928463 1624848840 666067129
                                       4197427799 3760403487 202590493
                                       3450618538 3277810949 3190930945
                                       2555349210 1424645789 1285924016
                                       979539781 1186305673 1782698955
                                       2504369808 1007174667 163637352
                                       2343347443 2580174690 3378118724
                                       1815226002 1419904377 282835819
                                       2597527309 389756023 2523022772 14248473
                                       4051651278 2807384843 857639004
                                       2154942139 2603032693 260726631
                                       2155582964 558647115 1878440094
                                       2121690813 3973860510 4279169115
                                       2755507187 1795073827 1647433714
                                       92612969 132033606 3717396037 1042479048
                                       1976414323 1085520432 3934083140
                                       1813002995 468902160 2942538926
                                       3793174107 449319863 3725222702
                                       133198370 637821750 4248558492 528190296
                                       962772552 2399470145 3002450697
                                       1826364219 230633864 1818862309
                                       1197201786 701889853 924078014
                                       2630573278 1640260802 52211213
                                       2613941350 1260289038 1776595798
                                       476200347 2774272041 2301543592
                                       2272072177 45971248 401659907 2394568453
                                       332072317 708956495 3971247764
                                       1636432823 3650749798 1040482789
                                       501933622 4211265077 2911742069
                                       3236961451 30536932 4185558684
                                       4164023583 631509376 3069420511
                                       1880531284 1812430511 1154766899
                                       1688771265 2283009247 3445421510
                                       3936588898 3564638068 104316980
                                       153014961 3540954508 297217178
                                       4220106503 2716453579 65728431
                                       3553354140 3794279091 3115722803
                                       1190783007 1131363415 1426018598
                                       1550663518 4173054319 1983821787
                                       1680571302 1085549119 646838241
                                       2702767507 1805983105 1160731302
                                       221988748 2568158051 956222744
                                       4191644244 2857864411 2711639265
                                       2047224390 648549040 3297568530
                                       2210094349 3132195105 3788971169
                                       2608595847 839672540 1720422693
                                       2538868569 3853379749 3863206449
                                       3017669472 4262238536 1390835000
                                       4027437739 1076890183 3854850894
                                       2445820867 3001536053 2545479346
                                       1592690045 1331068589 1530733816
                                       3445260725 842344668 2321443036
                                       3346908301 3943932046 1579163012
                                       1183399576 533039619 478472411
                                       3004674226 740448164 1349281071
                                       1243315137 2788815946 2067508877
                                       3351464104 2095442589 1068314603
                                       1412335957 382853004 1001606785
                                       3578870834 2184749298 1155054592
                                       2083940462 1217464341 3256471994
                                       3034185359 997059687 2741649953
                                       3485634780 2781411819 2932389964
                                       1355899546 2309762884 1377561268
                                       3489466727 2442887486 1608201945
                                       3579135174 1537052801 1072029233
                                       3260066829 2877130765 1610000630
                                       2138625049 527782990 97775498 3344895641
                                       93062009 3174165479 285570920 342748306
                                       2463611443 1532439556 3947589339
                                       1416558953 4288420796 817409651
                                       2213680257 790319964 3986214208
                                       2614626614 3518962349 338058211
                                       281884951 1069097218 2662473820
                                       1158383788 2232324372 2840021611
                                       3825019945 37481442 3263769673 202355259
                                       3584254084 1809654164 2372712838
                                       4059809864 3174892130 3568975688
                                       1346642536 1304868613 721162146
                                       622684046 3191692767 25687233 3870006621
                                       1011757452 2077247532 268018943
                                       938938839 2816342437 250888183
                                       2127382491 4071053138 1153842451
                                       1012716399 503336103 1735127474
                                       353082431 192143474 3779487682
                                       1411756308 2703960213 2369420319
                                       302614471 4115599769 2943543602 59366392
                                       597844233 356078301 1784376256
                                       1632172238 639747035 2660267311
                                       690538124 934894888 1913241411
                                       2587289134 3619954296 644023176
                                       757640853 3313060164 2110499201
                                       3911424782 839022294 1180294433
                                       789761622 1443477219 2060604513
                                       3137996974 2798148016 3264776885
                                       354558010 4246562857 3041694053
                                       2024052757 1237829830 155822350
                                       1601710805 1557431289 3189194394
                                       822922489 2540638351 1098232021
                                       3930402069 1399448489 750932448
                                       3943768912 1728946624 3031127046
                                       1001052847 1583773347 2398127067
                                       465529860 2446444567 3706128768
                                       3313285852 3163223987 3417405292
                                       89237217 1302131992 2718346646
                                       1124554855 2398421026 3760366742
                                       1387417841 3618853277 3353754360
                                       1663840839 108921950 1744832727
                                       1514709710 1801793373 2797034587
                                       1745136844 3973704424 4057434104
                                       1428798612 3921281896 1115841022
                                       4116628302 128140613 1821871334
                                       1524083002 3967779182 2121136294
                                       3352122308 2410291332 2990203786
                                       3299847760 3091978654 3569798530
                                       2227525862 2196685367 2890035561
                                       1592333675 1147700607 3268356027
                                       1367282230 3561915293 1150127978
                                       2338649301 1738075216 1372469390
                                       1032778139 3200893903 3974861909
                                       1510240904 395517311 3569369414
                                       1104251429 4189455468 4257666024
                                       2886584571 1804250975 3881698373
                                       4147138368 137657636 1899304444
                                       3161599022 3589793575 2499156528
                                       3939171302 679182267 1089525934
                                       849592629 2846911725 1032933989
                                       3170862279 3205664043 2555321237
                                       3992832744 4160897266 3099903457
                                       761765843 499878381 1863971924
                                       2649843582 2444263105 1547268156
                                       1528143875 600282789 895519546
                                       3877343892 3578006314 2417341948
                                       2408817610 1584156061 1212001084
                                       2150414854 1586453922 3387435393
                                       3062388100 2156076554 4072835827
                                       4251188942 1665016430 3573545603
                                       1329944793 3521515143 1123226572
                                       3552213265 1938997066 2312653691
                                       1785428220 2205585916 15592532
                                       1345693575 3558468813 1160083740
                                       2769913022 1598063538 4256940143
                                       3348437517 98212315 2935222311)))