#S(RANDOM-STATE :STATE #.(MAKE-ARRAY 627 :ELEMENT-TYPE '(UNSIGNED-BYTE 32)
                                     :INITIAL-CONTENTS
                                     '(0 2567483615 526 753117638 199525371
                                       867412860 440512186 167899916 1100279880
                                       1271691472 1635165938 2482213390
                                       2000290602 2181391264 903046720
                                       2585414703 4172112434 3420113735
                                       2240696557 3639944405 1781099187
                                       3519143321 1234657767 1727116061
                                       3921277132 3007604571 519344263
                                       2357427271 2966851448 1249621478
                                       3595116648 90285414 3695019481 417299392
                                       1381399252 1970756104 890704359
                                       1120240435 3083213586 983619966
                                       2795482941 664538444 289809633
                                       1461517179 4154835162 1169047124
                                       1798605643 3780433242 3933129658
                                       3711398490 1527313193 2694272519
                                       1304709577 3211132987 848979300
                                       309787359 605781087 341746123 760993197
                                       125153301 4293186676 681400769
                                       1266835955 2297981142 2222355267
                                       3129479912 556165683 1490930882
                                       1448789702 465615072 760605348 248910812
                                       3590145121 1145520071 3044157143
                                       1715545804 1486396454 2494197353
                                       2590228893 1255287820 3110117188
                                       463037842 3793664077 1600630853
                                       2712841834 841875782 750605227
                                       2486295046 360196149 176551814
                                       1191374662 3106689720 3661591928
                                       3698523366 4261734109 2399616332
                                       1448682327 3169669239 1559765708
                                       1508142021 3707742217 203138914
                                       2348140920 1495078637 2235506368
                                       2380649260 3132378419 2319447309
                                       1296233939 4236730017 1715274980
                                       2751435488 2510228755 92384731 379102760
                                       35391476 1545831707 51424455 3821584937
                                       967680925 2185429362 431849482 992719949
                                       3421150337 296201184 2590470699
                                       1069507586 3177515408 2143626265
                                       3306129223 1138664579 3451233812
                                       4242653347 2323166503 1526059466
                                       2363445732 2556590274 1064321910
                                       2366140807 3467653208 3580038440
                                       1094452133 4224668518 1269813340
                                       586750776 1045685636 2987374616
                                       3534111422 1356375534 3396944204
                                       1365957542 1773585853 2987717300
                                       1738721848 1788952087 3869542612
                                       4124461045 285350946 2656577078
                                       2584294913 714823322 4076198685
                                       3611980112 520661673 495362493
                                       2231648308 453876873 1115845940
                                       2776414394 3158085790 503476707
                                       214313110 2400045817 3963854969
                                       2881403267 3615514811 1627685322
                                       2737314169 2903002858 3148190619
                                       294687785 4130007650 3266288886
                                       850170228 3573841768 2596974258
                                       2892222677 1774736394 947061004
                                       211756232 3691607586 2567353648
                                       3126375482 520433349 4097247525
                                       2888154803 3721252690 149707345
                                       2011017255 3192889987 3391654905
                                       1809246870 4265887455 1823621841
                                       991270472 1237273489 751186794
                                       4131850892 3119119613 1594412741
                                       775719028 277363913 210846207 3164437310
                                       3419069039 3114186427 4040975188
                                       3991511231 3520993884 2012357368
                                       287265815 2639899553 2860833014
                                       2761216423 3781172906 453140895
                                       351600315 2309036965 2312256156
                                       3260689042 722632415 1254687066
                                       3813983153 3001676443 1423076983
                                       2754378904 1960738569 3756969382
                                       4028380194 4100627668 1618397926
                                       3676084326 912017295 3421239694
                                       1958394458 4029012818 3404062948
                                       2123204600 4048822983 1764416089
                                       2650665981 1885185381 978608708
                                       493373921 330997441 4014301690
                                       1586762227 309819527 4256809375
                                       628551261 2321468013 2652237741
                                       2583664451 1089239484 3872771014
                                       1333345454 2292156248 2535586833
                                       1059431971 1049412879 159658616
                                       2902610497 2324886129 3002790857
                                       2152642408 4151545126 112214174
                                       1339482771 1989145192 3811486716
                                       1916594469 3754410639 1050369342
                                       2117697777 3604339660 3510284624
                                       2297752569 1043962593 807743765
                                       462855301 558574329 3182050867
                                       2855763959 1611226839 3301030568
                                       1098032000 141929657 2398139796
                                       3265221016 647285428 1948059057
                                       2764201228 819618508 2084823212
                                       3041798868 3300310245 2312161341
                                       1766496675 578012284 459891160
                                       3678335800 3098450549 2892690957
                                       3090619135 48449031 973853983 3813731507
                                       1121311176 5736862 76303488 1675556704
                                       2851173613 2864082375 3998645152
                                       2369912260 3015804474 514493608
                                       156546473 2421921243 486473208
                                       3372287811 1727880537 604641973
                                       3186012859 1367858027 779517028
                                       759864866 3906699130 2822253120
                                       546509553 1825587016 3718209170
                                       1348508297 287918645 1626780398
                                       1294804242 2932686584 2728627963
                                       882781968 3293350477 2519673621
                                       2693393859 2600183968 2571112302
                                       2872614556 1512344827 877464084
                                       1383872082 3979085797 590700656
                                       4076934070 401771610 2169856156
                                       914209729 3042534720 838784783
                                       3014012121 4112366144 2980577576
                                       2920451621 2409365573 3907124853
                                       979138654 3577026926 3160916433
                                       1332581552 3689257727 3558302963
                                       1669041885 258163574 2675493548
                                       1781548945 420306843 3874856673
                                       3866251021 3757044733 102559118
                                       3444090311 1083625044 1072545593
                                       2672687055 1232744287 1877642133
                                       1555136432 1565702385 3109711378
                                       2250342703 519962372 1503011471
                                       1558432722 2490539917 856078402
                                       3660004600 2729391248 1637615601
                                       4047096207 3866250127 3804054176
                                       3339688001 2116490711 2540003810
                                       1020867488 1847520804 475761688
                                       3636712238 987932227 80556493 488815622
                                       2355785572 3244979904 454519628
                                       2777623165 75532407 3811265396
                                       1998677942 2536685662 2703993959
                                       4194652528 1744209066 2294541111
                                       1849547809 17756083 3683340270 857418920
                                       2328785602 324192514 1171025736
                                       1662634524 425503477 2505470621
                                       270348125 3474795601 728380932
                                       1873139031 1168145176 2669309984
                                       841279695 2935851141 2011926062
                                       612355010 30571117 2925955271 1600487625
                                       882506172 3068460656 3542133435
                                       1044971609 938282193 3627681015
                                       3094086951 2734969016 1492241934
                                       2228999596 702947642 3332568504
                                       3761673169 3773440214 150539861
                                       3312976732 1744468420 3326314387
                                       2182907902 769227636 1565133045
                                       725917594 3719999716 1548997971
                                       3947691245 2448350567 222699112
                                       3614612802 3270485034 192529657
                                       518972223 2486002876 2486398713
                                       4263936788 1882837894 3010647454
                                       1201561953 1122270430 3661065777
                                       1510465219 14391175 2503356650
                                       3045629810 1432527870 3553724555
                                       2281065362 4202256573 1995816833
                                       1004766189 3208664645 2206400597
                                       3636996852 1636422130 1503130326
                                       1241829664 751365174 3948048239
                                       2958642865 3433909334 1901430801
                                       1466114772 1932162365 3659573634
                                       2428882520 345963168 2588333035
                                       287223781 1320300146 1205504805
                                       3366378987 119237164 1497715718 8985797
                                       703436810 1887432628 3833779173
                                       2794495461 3383789188 1741822171
                                       1385832079 2234978506 151535391
                                       2765708851 2799674360 3228673971
                                       3088914665 289101723 2291218384
                                       1773786748 2949873260 4146266019
                                       1754706744 738042964 1146331133
                                       1776143300 389988933 2299736259
                                       3675369041 354723669 463815220 211892041
                                       4168648214 924834550 1982270822
                                       300135819 3438603507 2518704675
                                       1731024934 3171264295 3310692967
                                       834202969 2817259085 3642440359
                                       1793612978 4045154024 3493406099
                                       1794221118 199803023 2409662638
                                       3375883356 3791918000 1601417527
                                       801164104 3419480510 2332175823
                                       1456984530 2536710937 3704870468
                                       2717352272 429003211 3119213121 45421507
                                       1501242993 87379191 451641961 859348543
                                       3291265787 3750959666 3590448496
                                       3717611721 1048237675 2148876403
                                       2025731635 194712726 2610784963
                                       4075327487 2248934251 1912107709
                                       2738174027 2518160124 842482304
                                       2929690236 1977812629 4041959559
                                       2121327516 450092243 1801903352
                                       3489543783 1829941466 378390621
                                       1476705451 3000544018 82983569
                                       3177652656 1391068706 1886455875
                                       2836702076 1921149374 785063269
                                       314494298 1554346844 241691303 558556516
                                       1251090225)))