#S(RANDOM-STATE :STATE #.(MAKE-ARRAY 627 :ELEMENT-TYPE '(UNSIGNED-BYTE 32)
                                     :INITIAL-CONTENTS
                                     '(0 2567483615 78 1148211003 2564591763
                                       4128984150 303482394 628090714
                                       3628908322 2067872453 313110652
                                       1648460687 965750787 3213267512
                                       581161977 222078282 4224844336
                                       2892455586 1630511089 2230698397
                                       142399800 1165296469 3951319206
                                       3725803288 4094917299 3713342081
                                       3839142208 1667378774 254365475
                                       887623723 3990985244 4060713103
                                       1738790503 209851499 1533194392
                                       3699681596 1930214071 1426852745
                                       1363959574 2934872370 1814119590
                                       3885443502 1247768919 3351415320
                                       916070520 570278626 4135802914
                                       1868896162 2974314541 1045361067
                                       4143937216 2197473458 2236371996
                                       3762058864 3413060055 341954486
                                       1822993549 1155297821 3450626463
                                       691877565 2918710633 4265361629
                                       2721892770 758667087 3398391071
                                       3052087535 1379304451 3194732969
                                       1086229298 4128436146 2170683611
                                       3727990903 3995555915 4105838629
                                       299530283 1262547520 4034418334
                                       1302529522 35436240 721018144 227318828
                                       2459051362 976756018 588093390 12447647
                                       2227090850 2464349911 739487756
                                       167503646 3078401547 4144762325
                                       878214243 1981706393 3999401929
                                       3831029744 1271126519 304148544
                                       1706624664 2127298361 2581791622
                                       3506801011 2731347057 1118165468
                                       4185053355 3597527504 1049018526
                                       397221348 1517334660 3800124313
                                       2588923630 2981393999 3601328937
                                       2992944016 658025510 1383148477
                                       4046576776 2915835635 447348543
                                       3982288444 2715864090 1998242680
                                       117117695 1150464526 1266262129
                                       3231888289 2015587599 3087418090
                                       3562106407 1529355302 3014353381
                                       1665973173 3075850879 3693827311
                                       3617085020 4093360349 1342472232
                                       3020905332 3070894038 3688619722
                                       3935537915 2457767939 1797310447
                                       1606614421 1953986849 4104636880
                                       4194210057 3398881963 378070827
                                       1821065943 4167727909 229528929
                                       4202857010 1264312374 978127022
                                       3235869450 1343233524 2574527400
                                       176900876 2822315804 2400160475
                                       1860896786 2016325013 3472374545
                                       1837760258 550103786 739919838
                                       3457822455 3240717211 4005429865
                                       2878335507 3781922059 1040597604
                                       198775655 4038307248 3895128893
                                       3187852669 2508182228 337321998
                                       3340242017 1386704178 553986120
                                       406122108 1260148111 1586834486
                                       3327155079 3458285248 243942888
                                       2908297819 1631109709 2252221885
                                       625242307 266369865 577202346 4253203223
                                       2353540053 2448195598 1885135101
                                       3604131708 903466369 3900096348
                                       2532521715 2539152980 3125121594
                                       1483479164 2047586661 2091230539
                                       3875318155 1136935615 533370547
                                       605073165 2883592558 3371351010
                                       2119034608 3373015832 2876374659
                                       3088136321 3814830236 3484193847
                                       2886554185 533128119 2191603793
                                       3299468168 1057874136 2269982159
                                       3385098030 2078667785 2769545881
                                       4084406506 885843384 3196524406
                                       2149264468 1805256675 2596601356
                                       1227786938 3652456287 3196901745
                                       3900172685 2246644752 1741074000
                                       1810289537 2344236958 2580385550
                                       3747722713 1311768978 3845996566
                                       2501625838 3060216153 2944309374
                                       943652451 206742342 348721226 3647414038
                                       3550716213 651781681 1812229387
                                       1754633324 2503236060 3420003444
                                       1369587119 1411633260 994945170
                                       3880920499 3073094771 2716233733
                                       2374383270 621462133 1314144069
                                       1188683787 4061745418 2854417270
                                       2189223602 2733991349 979388975
                                       3708627092 3656250380 1056378890
                                       2288516014 47593144 751528720 2764114977
                                       2675772565 2098128262 273006372
                                       4028129187 1315396060 4234405373
                                       1330590499 4231952353 1223088984
                                       1887172160 3591277963 2050868657
                                       4073880811 1109060310 3601910354
                                       718777419 2008791440 3093290111
                                       3464645334 4274615 2525625079 4159839940
                                       320936358 3740199649 3088893567
                                       3433107799 1943075390 625747443
                                       1655082902 2726302600 226561298
                                       1773717003 1764238864 1053109708
                                       90291767 2936665821 1390977120
                                       3068777542 2901719720 4268079539
                                       1088080668 3893649102 477952744
                                       4014118925 2608905151 2547990223
                                       2275220940 3820652847 98981696
                                       3580068913 2673037153 1484383766
                                       458589105 490179651 3377504898
                                       3919433757 2561237130 2958623709
                                       1847336608 981156924 1569531056
                                       3959963780 2410958988 1993740080
                                       2856013027 2295001960 4093766634
                                       2259483868 3024731506 9921994 2403079731
                                       1860863585 1409381435 1618984948
                                       2393583933 2293840057 3388700502
                                       873441910 4014025486 2693506177
                                       3078248467 3937813928 3890675596
                                       3888996674 3085341820 1274674824
                                       2239379096 3330334650 3084501555
                                       2182600213 3258465490 716319856
                                       3192476145 4229907201 4020145360
                                       3589886768 3490412514 2375413664
                                       339208187 4190072766 40395684 1198020600
                                       669899073 4004644652 605567277
                                       1425280911 4184448173 2661515632
                                       2409589828 2554905984 3129288533
                                       638618613 2853485248 2283275745
                                       1710687163 590726569 1345852196
                                       3008565906 474879420 896328889
                                       3201819123 1213744149 3734449781
                                       953586099 3523894379 2940163353
                                       3101533391 3074099306 27864290
                                       1958441112 3135976837 2411176526
                                       997141130 2734144872 443346964 987280087
                                       2827232800 3019539499 1756058525
                                       3030294919 305810058 1411061204
                                       3605923995 1800552153 695221047 50672093
                                       3875739533 674500979 1926373718
                                       532746901 1617232180 1027089412
                                       3924748250 1423527794 4019270005
                                       3200110221 3308033135 1441999418
                                       3578562712 1624833865 791196357
                                       1727798196 1899616834 1910841199
                                       1522023708 518605609 4273484069
                                       4049316273 1429047145 1365079619
                                       140098044 2456614324 2608306374
                                       982981659 406242350 4000574274
                                       1607393078 1277113651 2340538837
                                       4253117400 2936954497 334241610
                                       355342454 2306434473 2252605866
                                       621231111 352885778 4023145745
                                       1735224553 2849924149 2448485097
                                       1731133202 2962943737 487860023
                                       1148828190 1071050950 126462657
                                       3122787997 2920190213 2347612273
                                       1139023401 2365078288 1048098136
                                       228659640 3400758956 4140688639
                                       1958665412 234530477 3920041364
                                       588250841 4250335772 2034719472
                                       3019527158 405514378 3098703589
                                       1991793539 2000147415 1618084432
                                       3850844223 4215428192 217234397
                                       2558720499 3269011695 3165297464
                                       3838755001 4144330242 4074063724
                                       2123876193 679925593 2337728472
                                       2167969997 118516800 2159339296
                                       410299068 3300820629 1881984354
                                       2427213930 582726031 4280976068
                                       3528664422 370426905 3878001278
                                       153425048 4079728787 627010813
                                       2567202341 713950941 4121381751 68380010
                                       3907190442 2129423234 3344393795
                                       854964531 3730579937 1015044313
                                       1095433373 2235713708 985250872
                                       615840968 510351423 3655371843 383696889
                                       1165198973 194369541 1031774550
                                       1454994784 2621950806 3959836661
                                       2135867559 3419046860 578430031
                                       4283546072 2918910640 2110766084
                                       398275904 696258023 1839198301
                                       1003416954 1452317186 3251189654
                                       3424254433 98168303 2348704000
                                       2210199090 441912974 2107368747
                                       182905838 3962471856 323979912 509342533
                                       3953854038 4081625369 4054394217
                                       4167934776 3899170373 489257826
                                       4233720046 3937186107 2592148684
                                       220105337 3568087442 3069645211
                                       2201399540 1370643650 3423336797
                                       853672412 3085808591 2040854600
                                       3215224645 3244069223 3186552757
                                       1327348867 1611439742 1484122942
                                       3144797095 3696543320 502068195
                                       3131408018 3146571359 382308068
                                       790658507 2580171720 4293981989
                                       2705679927 847221872 45735324 2262324260
                                       3979801998 1881652857 2606859434
                                       393867954 3273439569 2295741493
                                       2095767327 3065149208 2567609149
                                       3202961699 1329013714 2381326544
                                       859413192 2975828326 2275930726
                                       3414440323 474873022 2038408827
                                       360170204 3462165499)))