#S(RANDOM-STATE :STATE #.(MAKE-ARRAY 627 :ELEMENT-TYPE '(UNSIGNED-BYTE 32)
                                     :INITIAL-CONTENTS
                                     '(0 2567483615 165 3631902837 3853734872
                                       3589639866 170631122 765079498
                                       1786985412 3331606910 2195274557
                                       3742532221 1065020087 3426055071 647011
                                       341823934 699966538 2138722911
                                       3533088364 955844201 2832868653
                                       593961326 2211802199 4014928231
                                       1914590927 2410715309 173878481
                                       1690216784 4059438944 839511170
                                       3399129095 3339854431 315120897
                                       522694623 1214545790 3743814965
                                       959603815 2199297290 612349969 237409621
                                       4039302804 1059643880 2481357102
                                       2434328211 2609052424 3898749373
                                       590295977 2522612820 1550604469
                                       1714975857 2771749958 1787272988
                                       954222904 1953940149 198954059
                                       2683537034 3087464612 1539899410
                                       461345236 3186464052 848737058
                                       1125786367 1796578587 4090165736
                                       2225701707 3496675817 1065707954
                                       1209195265 2027254347 424904181
                                       3177534084 573042785 1166334363
                                       3067571296 3832804985 2330574621
                                       2257078109 3384405453 204682391
                                       3882492300 1486043621 2471767888
                                       1042424465 1181724709 2460528209
                                       3851899719 1436310368 1805527804
                                       1194208267 1395601307 2279057374
                                       3882819435 2046935379 1341605460
                                       275921227 2444096061 2811706141
                                       2778668913 4095698140 628459571
                                       2352601181 2928156358 96581568
                                       3881670314 2713362781 3237816193
                                       3674115796 364520734 2304943935
                                       598654734 2686810325 697032977
                                       3437217400 3477499555 623800981
                                       2701882053 4085678234 1413745536
                                       350854225 1056258885 1240988711
                                       4266157622 906890987 3888410620
                                       357294297 2874138495 2002713295
                                       514413050 4023896386 3455085534
                                       3737021322 3305600046 3330307911
                                       3932089746 791339937 3069152277
                                       1877494014 1654702577 1298823868
                                       149306361 2720885289 881988691
                                       2248195830 1796785561 3706113281
                                       1307505959 2001796071 3756755238
                                       3526988678 4023341219 3111580460
                                       600708304 1590402778 4185023075
                                       1624968746 2013045782 3270319075
                                       183633593 2089464954 2213239751
                                       1570621859 132254744 2625500666
                                       3139615191 963976329 1932518188
                                       3734835500 1483608801 2957659740
                                       1386203270 1549436638 557791677
                                       3919742372 4097812062 3693520155
                                       3888523341 3941567526 4247573828
                                       468535187 2528259502 435312635
                                       3679771896 4195306815 1044034494
                                       3477359047 2564475447 1074184068
                                       3994456889 633114185 4246775786
                                       2927062514 2537251694 1941322094
                                       1995414429 1691975894 1328140666
                                       1797358377 2109737617 2086017326
                                       2183513046 2697980520 1072845410
                                       14878452 2502799991 141412504 1165315445
                                       1488050690 1816449901 3140690678
                                       114816893 521329795 612697668 4114326978
                                       3134236898 2085087189 374610793
                                       277204603 2591770126 366898445
                                       2712369973 3681726130 3794634796
                                       1954644189 1400967821 321041670
                                       193893104 3317261559 2401045957
                                       1717809364 892406141 3271030351 51692617
                                       556487507 3032446981 2006748896
                                       515928792 3585194162 2165010056
                                       674517922 2335902370 2705073137
                                       2648649558 4115189423 3352025117
                                       4070403563 1916977456 2836654473
                                       2552944242 217787622 3620130357
                                       679176677 304003859 3402867905
                                       3504406550 3847766904 1297608655
                                       3107528863 4043028567 1849999553
                                       3691520858 333371805 593070033 577883584
                                       3341414382 3588568536 3201011190
                                       3904787051 4190129664 1127126118
                                       1269150678 2699140487 2552845285
                                       2244631384 2461459547 2356547782
                                       1291665342 3478413051 1161680780
                                       1926101537 4049009359 1808270800
                                       3838288846 1467186892 2524643437
                                       1020340777 775390882 3781925243
                                       290195939 2429552155 1418739608
                                       529900659 1336154236 1125840260
                                       2465426945 2930767622 1269592931
                                       474154390 2774188812 2758154074
                                       2924666398 1935075626 432190416
                                       1393450026 238725567 1252249237
                                       2364235476 4264512955 3655066662
                                       888283891 3833785204 1591488806
                                       951076839 24402449 1424750510 1849552259
                                       2074437528 3397079620 1834565155
                                       3532703134 3802878719 4032352737
                                       3282314657 1531540643 362543835
                                       2541233884 2647220353 452054355
                                       2221956910 3416671823 444262094
                                       2768816921 824783198 1816239683
                                       4187166033 4035216023 1331672472
                                       2355143262 2353597060 1534309642
                                       2887759595 1648712378 541332927
                                       1308947978 168047211 1338335005
                                       1906920593 1208687169 4205354842
                                       1220598463 2988256626 4023276226
                                       2219984382 2664923906 671160663
                                       4104585983 1705865147 2967554085
                                       2106727804 570572638 131827570
                                       2048968490 1256754228 260556166
                                       126124760 1243009268 3354838946
                                       4033592933 385770973 2061951362
                                       3819562558 2787582723 2691153679
                                       83329190 1019887775 3990465397
                                       2049672790 4169407404 3659787195
                                       2396117866 780487030 756710780
                                       2368223894 1814488245 4186985317
                                       902981483 3107862489 3862764224
                                       1669747281 2349464966 2975741708
                                       1412865537 1566535679 3041627059
                                       3400319371 3355113258 2324990704
                                       1242086680 2953047313 1201561501
                                       190991556 730263626 1835717571
                                       2796572940 3882335991 1746224312
                                       2261541930 120190185 1058295637
                                       2190564233 1518714885 3301383267
                                       2966826653 385385966 1694872129 74704624
                                       4286324673 2831797214 1370160488
                                       3143602399 3304361796 4207942644
                                       300905761 1292638733 3636097124
                                       3242194799 4091040199 486422107
                                       2304226872 1050018788 4270867880
                                       1801810944 1039186182 1963277936
                                       503899035 3809948619 264876182
                                       1008278098 1259609670 1403069640
                                       2825490781 2627100254 2817817135
                                       1405862720 3281184514 3328860034
                                       1182433691 3424058211 4007564287
                                       3628706316 4131876597 4179515293
                                       105098417 2830107381 1309960095
                                       3186419091 3186791643 4187372729
                                       2707102660 2217441689 554101622
                                       1013577080 1627192355 4283087203
                                       1735304133 2383900895 3460633722
                                       2731246520 3545846298 3240810886
                                       1652162759 1696999815 2919054985
                                       2655134666 3514106783 3792305028
                                       1629933114 624809292 3738101822
                                       3656200159 3960571723 2799912256
                                       2362163670 998749461 1245289243
                                       3415025718 3622498681 3696418769
                                       1505723417 887069584 2279050202
                                       2015316441 3852777018 1513171913
                                       1809195460 3014038984 1668984879
                                       2832858093 2955360131 1552685844
                                       2641400841 1051989560 1714488779
                                       272948192 1443635143 735197454 641295085
                                       4091848519 3139179025 2016572642
                                       2428957652 2508163750 163704277 82398807
                                       2791111935 4108430243 3116266170
                                       3280504677 944758715 2470563868
                                       225120175 1442754753 428475911
                                       1774072650 3965054464 2641315012
                                       1009467410 43411266 1842057559
                                       1919641099 562988882 1944932277
                                       1529648364 789497398 1809330539
                                       4153305083 2253552493 325565471
                                       2917414171 2477160885 1201723412
                                       3655603539 1912221831 3962065204
                                       2431414519 1505469253 2970586055
                                       1090950618 773592211 1809093666
                                       912182297 1709139270 1148615646
                                       2313333386 1873684980 2622082085
                                       2550034081 3301470923 2703262255
                                       1548846995 733247631 673327418
                                       1130271818 3947859791 3590716549
                                       974554757 3207887344 351365099
                                       3988981532 2167110471 975337121
                                       3994152159 1839578914 4120619595
                                       4129566049 2957111871 3062968389
                                       3306408949 2986107265 2024989331
                                       370095168 503334594 1873020544 51414312
                                       2705949944 1479618363 2945034450
                                       750685075 3816280566 2960244306
                                       2425551242 3422287656 4066400588
                                       1218235527 594365808 2532435026
                                       900763952 1532407431 1899633739
                                       1216765471 81888304 3564476967
                                       3694014169 3145387756 3176590170
                                       1602744229 1836204037 3955666674
                                       1613123876 3544939423 275400550
                                       3618859068 2078342770 4202205279
                                       24792538 3628323526 109937475 3076439278
                                       2702847547 1579137733 2216175437
                                       3834659958 106003454 721426733
                                       4229118202 2846635264 3203072230
                                       3193422881)))