#S(RANDOM-STATE :STATE #.(MAKE-ARRAY 627 :ELEMENT-TYPE '(UNSIGNED-BYTE 32)
                                     :INITIAL-CONTENTS
                                     '(0 2567483615 312 3198785615 3579137642
                                       825514347 470857163 3374519666 314351408
                                       1433933312 3851619870 204897893
                                       487503104 705350732 1458234181
                                       1510499299 1306362408 1554725029 8169499
                                       945746746 2904284976 1072196268
                                       1072341817 4241805368 2477304451
                                       3561680146 1591531808 7484235 1772691419
                                       1083200209 2519719835 2829119502
                                       1486975157 142198617 907155638
                                       4217318567 810090767 4142666705
                                       856310045 4136108893 251118227
                                       2825511097 4047260302 3286068250
                                       1058986699 2073136491 4118719494
                                       932655846 2432283279 2005841824
                                       3236966953 194683693 1493068335
                                       2221891533 3684163289 1173049824
                                       900163538 2986885391 1977623064
                                       1588221907 1075292294 3877281969
                                       3488298375 3706555872 2178168278
                                       3288432106 3426050722 4278577921
                                       963765361 3120332890 3916236534
                                       1507885164 2789041508 3893054228
                                       3153357226 1197290365 232019456
                                       2002920903 1222095955 2153008453
                                       847424180 1032401578 897469266 893078446
                                       660635052 2543608466 859769252
                                       3456788154 3711934793 2921331891
                                       2719248346 2853726392 230328688
                                       2557588124 3270566860 4119281307
                                       866362116 1757651309 4264692700
                                       1567937870 3885753348 1311706922
                                       1334353629 1170428401 527400799
                                       3783836304 4147651462 3097825983
                                       3053695000 4087502157 29375352
                                       3503753964 3970101437 1421522588
                                       114973239 1671814380 2856010910
                                       2570326926 2091023199 374471315
                                       1996700553 2634383114 4054796616
                                       4147004119 3689898416 2363211934
                                       2379978295 3396279375 1955813392
                                       1003378673 1697920665 2472251186
                                       430041678 1622837430 343425482
                                       1895674161 2417710310 1436505560
                                       2620737842 391754470 63076653 2657131308
                                       268129752 3099021734 3040976838
                                       2668013385 2119954522 3027433188
                                       4228282083 4145246941 1528260411
                                       3449073473 898028048 3980220241
                                       2474226046 56542495 3881044197 659294456
                                       1135317540 993481026 3393581306 47854140
                                       3505451775 1709649138 3612273442
                                       3110030563 3612669147 4007562735
                                       1906833941 2126300339 453224034
                                       2107577504 3024162142 1379811299
                                       2288906155 4230056019 369469133
                                       3434630384 201843202 4181780593
                                       3694856257 2272836037 1303653462
                                       1267332815 3576144694 2195382913
                                       2306254280 3813807615 2479992050
                                       4015605746 1017067696 2647039276
                                       28008891 3044620754 488552506 2400788248
                                       4244346199 3676556039 250685647
                                       3856663861 2347444046 4243946592
                                       1714373924 457836728 3341634317
                                       2706739897 591619869 3075369425
                                       1679660416 2409631849 3784692810
                                       2265934207 489837827 2124442473
                                       3534110346 1043471592 4159946438
                                       1205649193 4278798190 3991333277
                                       2436566301 1841770273 972692033
                                       573957001 4240454309 1158893148
                                       1987697009 2915731596 1650369680
                                       3790518739 818872723 1845155275
                                       4210881507 112430138 2132273547
                                       2906738692 3227733534 2242888842
                                       507318637 396492106 1368430676
                                       1064570099 1550174115 1103470633
                                       2444596809 988953711 1123753973
                                       3322893195 1518562588 3532048102
                                       2910538309 2178714367 555959500
                                       283680682 2556547815 3593508825
                                       3559763958 3641136388 724128031
                                       1630568594 2076371244 439893005 59448546
                                       3869964852 2063405578 1269976785
                                       2222203325 2760179416 106858621
                                       3622535115 2185500568 1608353614
                                       3607609913 89999252 1411308597
                                       1787060857 536400087 3569310390
                                       4031403151 741606077 1151509236
                                       3499921585 1990338134 1431465293
                                       1077046879 1506698744 2225202610
                                       3922552110 4157673272 2307967393
                                       551601599 1323954065 2376274884
                                       4141409862 299100182 3004882419
                                       3645730971 1471502467 3413611307
                                       3590640581 2347613399 358806887
                                       1475929707 1450688636 2816665182
                                       3897944015 3874250189 4126542079
                                       764476698 4111100405 1937675364
                                       2490040014 3217411199 2691323749
                                       2125615317 3947741586 1522876782
                                       333433571 532539506 409299162 255593042
                                       3676554158 1155198400 3908772899
                                       4014957978 3091293131 404891579
                                       3834337847 3747721381 2214824143
                                       673782592 2373451162 2209218238
                                       1420501580 54807740 4177950437
                                       1467401453 3459936030 501884758
                                       1955564861 3465515339 3325688645
                                       2948280478 762504524 3695257805
                                       1904531171 3180589291 1209264893
                                       2302308793 1238939447 2675727206
                                       3785081573 4243552846 3047248918
                                       4003726441 2521189495 2216459475
                                       2009227870 2488296278 1690773268
                                       4033890873 1996135728 3459071936
                                       2208281659 3153634443 2476307297
                                       4097873344 3144575515 576241929
                                       540349887 88894203 1380142304 121119338
                                       1768957822 932440237 261519355 273295227
                                       614063191 1710654974 2475467874
                                       3962795275 1253008885 1076137509
                                       86734316 2884867335 3414664536
                                       2783772558 3910156199 1174568081
                                       1585561777 4159895045 2527159686
                                       2692714128 1559945791 106425470
                                       168825363 2580010974 1599765725
                                       2516798821 2122658829 2554790772
                                       3210882301 621434136 3864523937
                                       859604156 3922678679 3296031548
                                       3526624845 3062213577 2464574472
                                       1261482494 2930378127 3560908672
                                       373712632 3528610437 1364100837
                                       301673635 626816926 774597331 4243450910
                                       2342954750 3605004200 3354873086
                                       28704609 1896067507 2413121714
                                       3824480564 953388117 3354778745
                                       769654174 3677853197 595874944 494681829
                                       1687018684 825592489 747821636
                                       1038350328 1496772730 1121154577
                                       141284787 481218646 3242296719
                                       2510565761 1003657956 1846745125
                                       2184973780 1389140437 4198593742
                                       2490749449 209772451 189667451
                                       1362954544 1289826495 3343655604
                                       1845046654 2006936241 3371972555
                                       146245976 2801268920 4243579698
                                       4004306826 904966761 1178041645
                                       4229493671 2138578080 2492524328
                                       2084671045 4005112819 3873409591
                                       3548914482 406588483 3393501506
                                       3038993246 1316597764 1905483762
                                       4064836568 2853024955 290365198
                                       3497117496 773069370 707254175 79069269
                                       407635304 448377637 373822776 1709687385
                                       1878750114 578801569 3370653812 24490659
                                       3435199547 3236167677 1265928526
                                       3604821006 1426439791 2461082480
                                       3110512757 2577368261 1582935489
                                       3389841222 1574667393 2910811666
                                       771583094 2674134968 55229345 3316899809
                                       4277351056 2320644496 3471710252
                                       2579439969 1227261254 68912739
                                       1055606620 2165903384 2682632233
                                       3152807468 1604257158 2717979808
                                       2397843753 2581897901 3768341749
                                       1748674243 2942557824 393699898
                                       879175319 2883377605 177769032
                                       1019039867 203150056 840294874
                                       2906896593 1016025203 2059707343
                                       3283710129 3336017536 1717752364
                                       2475471140 4201929791 3584125760
                                       377866404 536566664 146409133 1373233805
                                       2808749763 1406986508 2933639408
                                       2506194382 2156601575 2797088567
                                       895084811 2077134637 1005494718
                                       1047266784 260918459 510068946 455460231
                                       3058765797 2026864159 1495825889
                                       4058080937 1061298737 803696400
                                       358838777 3528155336 3325611466
                                       3195483682 2303233165 3916758384
                                       3454529477 2627804579 2338325460
                                       795097638 3319710812 2071162424
                                       1768258486 4233021445 969901881
                                       3601398488 4277813670 154491216
                                       1316564423 3900163150 2782643584
                                       292417961 851800203 2331385734
                                       1607945341 630720168 175093924
                                       3997804115 3261777325 2183185257
                                       1171387667 580329364 1878876888
                                       796144705 2514741427 2681719153
                                       3718398980 381510763 3561499717
                                       1630948543 1553206382 305675213
                                       3822115311 3257306996 1027809730
                                       3521329830 837678048 4003558324
                                       863524900 1891168033 1431452857
                                       1055501148 2745570217 1478850059
                                       1661189293 2103857883 1478019658
                                       4229157067 3746142577 850142757
                                       4288435064 2002269749 1747172218
                                       793246612 3101247733)))