#S(RANDOM-STATE :STATE #.(MAKE-ARRAY 627 :ELEMENT-TYPE '(UNSIGNED-BYTE 32)
                                     :INITIAL-CONTENTS
                                     '(0 2567483615 362 2711611446 1474951759
                                       1929074656 2055917012 2068202764
                                       3415074771 1970866098 1967274530
                                       4217946513 3764753459 813593004
                                       3321279919 233893737 1530824303
                                       3629076725 2423406762 2541535838
                                       3858211467 3539500673 2508294667
                                       82776813 3865234343 42500441 1641920252
                                       68481533 665249069 2737175378 1983632771
                                       1951431444 3303495961 1373976935
                                       16192402 2116110292 3479590286
                                       1521182109 2972875207 2162775295
                                       3246647725 2910350554 630837075
                                       993861936 772654092 1153378987
                                       3272924143 1823686170 2115952924
                                       2055922796 72799328 2638874948
                                       2044140206 2109760945 1381943279
                                       744206213 2624076074 3185478103
                                       2480534328 2256779561 572912664
                                       620804238 310508587 1562478621
                                       3677376023 4095419829 3195495145
                                       4049354090 3132264595 2051502482
                                       2166930986 3654251922 755778421
                                       525173295 1917086431 3924424762
                                       1082594599 1383785959 1656471351
                                       2526022914 910498898 858325759
                                       3856836115 3101795077 340229290
                                       674282842 4243590502 3819892196
                                       3290451896 210557817 1951605881
                                       423743358 3541150804 2860524603
                                       2064238565 2117289012 681513831
                                       3566624512 4004901270 1486668506
                                       4162812595 3007908209 760001248
                                       2243719467 293233499 2775918267
                                       2105197573 1522498606 1133875488
                                       813222295 995324959 2680085225
                                       4181607031 457485609 3527880618
                                       2414330559 4191624492 2730233235
                                       1928744111 1919688468 3928458860
                                       488102002 1321068690 4062340339
                                       1872974709 1385655146 2493392636
                                       2642006878 1658557106 2629095243
                                       1875127212 2603774078 3278725790
                                       3025039237 3519991596 3220498045
                                       3004811950 2464281255 1399791280
                                       2687911422 2548936909 117818276
                                       1365834116 2764701530 1337980677
                                       4036389682 2089147433 1140441909
                                       126782115 2481921309 4186584698
                                       3948627857 1671446381 647797341
                                       3513427022 2768899576 4091031205
                                       1165602336 3063766916 935177856
                                       3596259844 2327819580 3942764041
                                       3648319411 2144239890 3384921841
                                       1910922014 4257548029 3217938949
                                       3250068386 172408117 500908217
                                       4284400000 3754862336 2338972011
                                       4272473635 3146145487 1752439055
                                       1076367610 2015173313 678346946
                                       3805042541 2714723742 3281288932
                                       1868437792 1228827713 3624004242
                                       2659480744 1398461613 1507940900
                                       3483418116 3506319764 3059374152
                                       2557771358 3552137699 3799931509
                                       556714391 1064850706 3718052316
                                       3875138162 1819935463 1874005526
                                       2112988283 2461312349 2614186077
                                       197592724 634039999 3066653769
                                       3095993411 3361024849 1715583611
                                       1658598565 146091325 2696029102
                                       3896251475 3350946120 4066877439
                                       731860012 3988967276 1008323849
                                       3326378595 503299618 1344207673
                                       3281336852 711878046 4201704540 77524212
                                       2026304437 1676519068 3115275066
                                       935329732 1859459403 4022003294
                                       982206057 915313224 417351052 2850922750
                                       2636500646 3011449622 2476903454
                                       1054656861 217499004 2184156677
                                       3730763140 533064402 2875319725
                                       3707112506 4057754674 1524508251
                                       3221334343 3804412120 191876785
                                       1278728049 397217434 1490294761
                                       3925553871 1229505043 2014994800
                                       3858976889 2544597028 887543738
                                       3806551931 195268219 2832555948
                                       2351780024 828145104 406419753
                                       1162231102 474368948 739466347
                                       2350723120 1657490337 3966212595
                                       448853364 2200314851 1563004634
                                       627659518 740599519 1648626569
                                       2633918796 4194655933 1607614499
                                       4049299574 1486655451 300674946
                                       1408651094 2924310409 3854337440
                                       3800000948 1309589312 1765407762
                                       1420793946 3446427024 2102691161
                                       456401944 4014868087 4027996727
                                       1629239773 1710344352 1047762788
                                       1003168107 3737023866 3562164779
                                       4145566049 1862863357 687476343
                                       2453794278 1563346155 1968678468
                                       464729954 213650601 587807783 442802875
                                       1968119951 58275943 3450446821
                                       1948443206 462418517 3714736347
                                       1870861484 2113021000 3715116502
                                       568278674 4008212783 1123030494
                                       1387336353 1502821834 2902070694
                                       4254533525 2177614984 3535219345
                                       1511107265 2499329821 3977554529
                                       2635333678 1613053883 2794423195
                                       767005901 2768270663 672352913
                                       2610907565 615109514 3707366338
                                       1435402245 3905674653 2119092258
                                       3737550635 3041038465 2529949824
                                       2746764344 1522209959 2391722747
                                       2319895428 2334130847 321446977
                                       2892287443 3642580407 3186481726
                                       1674871384 2831804881 2524081671
                                       4052102260 793403054 2971331100
                                       2179143953 937068221 2519663868
                                       2857520573 3352541599 3529680242
                                       1099673152 676770946 3619251557
                                       3256199102 1493015201 2385654367
                                       2454794460 3097143317 2596781935
                                       1570727016 1628303249 3479758589
                                       3330622393 2458815204 1537801158
                                       834658870 1858402322 1577775265
                                       3121210658 3243398284 1491305895
                                       4265142461 1726706997 1040063523
                                       4197090971 2378062116 3830196153
                                       2490767943 4051300712 427759836
                                       2959707136 4131387339 1899805376
                                       726430820 2754567549 2010157414
                                       3341002594 1310738008 2937432647
                                       1780331167 1901978065 942781025
                                       1232997365 101150516 2616593767
                                       1315648862 122098142 1495106789
                                       2036382194 3364872277 2668413994
                                       1008712685 459029163 363874258 521311343
                                       3141396126 2542695155 825220466
                                       901829935 2268194995 3996753737
                                       561568836 3077263211 2469259612
                                       3170564101 309203803 2781596959
                                       3403287052 221546682 1545866936
                                       3912529962 1830720033 2313081589
                                       2436887041 3139072091 2776614586
                                       3538375340 2927134192 2265525621
                                       3719150105 3168417242 3063700887
                                       4156924873 2801988919 1300501905
                                       2670228348 683760386 2522595166
                                       4098315742 1678781915 1800413236
                                       4073218085 4092882710 3609145631
                                       3012162275 1651768638 2276713880
                                       1757968380 1457651737 2800602732
                                       3572832883 2804104676 499105324
                                       1828916412 2551442099 3676924594
                                       3100476035 1918616251 1911862394
                                       4166956919 2780531384 3025170891
                                       1180607408 3380329535 921666946
                                       1632787133 3659773937 3858601273
                                       508937516 2302229115 640591661
                                       3904063867 3213777555 804448172
                                       937360281 2783849389 1988431888
                                       3772207551 1990708282 21831249 389424069
                                       1323210717 4044144650 3107744715
                                       733146135 491042269 3224782045
                                       3731644772 2814239643 1860675051
                                       1009569624 4269624064 3617112088
                                       327320375 1174567420 9800844 1268847968
                                       3758478408 2392374238 56120604
                                       1614970429 3909283310 1309687040
                                       1112020648 4235968752 3018128311
                                       112152560 4089735464 4100940875
                                       2713638863 1123243571 2334438970
                                       3424890004 4264583035 686346365
                                       2554584574 1860664171 2426953454
                                       1302847258 2104740639 1019379317
                                       461510880 881463426 3450389074
                                       3316077421 2802364307 104804827
                                       3424599480 2917213515 1113554654
                                       4174831824 3788758179 1226380979
                                       2807204325 768625366 1446189780
                                       2620851292 3095144007 4253592736
                                       2920016286 1099840974 4274545356
                                       621220064 386547841 2850812626
                                       2469340459 2944056763 1456171108
                                       124866400 1619228886 2225126415
                                       1654261118 2502902631 778125036
                                       131020981 1437870659 817169263
                                       2527739246 3349699930 984107406
                                       1882875786 1864322977 522905947
                                       2479046877 1776686967 3337933771
                                       2543753884 2816184464 166961933
                                       1325016929 3946721949 1238100867
                                       3122128644 2822675857 3355619622
                                       896768932 1120911035 3536832125
                                       2236620369 2387558274 4062337278
                                       882842715 786975880 1620012296 228857254
                                       1594463870 574683512 1866935608
                                       1608504565 3798813368 783793097
                                       1826508023 4188386759 595809206
                                       2579911385 188218451 1300617321
                                       4231843415 1043075534 2130173646
                                       2740050870 3574329993 816506805
                                       3377542821 2629660936 3701057254
                                       162589895)))