#S(RANDOM-STATE :STATE #.(MAKE-ARRAY 627 :ELEMENT-TYPE '(UNSIGNED-BYTE 32)
                                     :INITIAL-CONTENTS
                                     '(0 2567483615 165 1473984583 1881059255
                                       612819528 3234700202 1099327772
                                       2813445070 1465050693 1799117627
                                       2015138669 2230406060 4248546068
                                       2416682212 3955348049 2374624985
                                       990383485 1968173086 144781542 141011622
                                       3617181018 3302659616 4272403350
                                       976753588 709851563 4138439784
                                       1644553537 3175637864 1996898541
                                       1494974213 1077103443 4153988839
                                       625789329 4225358883 3992199610
                                       2884298025 770168885 2797405340
                                       3107431919 1934807174 3860458100
                                       2287653088 3564829865 2290638026
                                       859521872 1144231389 217432210
                                       1134981338 567787395 1861088410
                                       396468717 3340819269 2477612792
                                       2910611240 2839752337 72547092 160081539
                                       1421503696 147092119 2895767711
                                       2282018845 2039345925 452809861
                                       3845181047 64437220 2027229469
                                       3989360331 760399229 1867259651
                                       3743127668 1460788935 3693881079
                                       2441009038 2091993508 2258512145
                                       800736860 4250832675 3002225229
                                       2873124391 2482852811 3652378266
                                       2263043419 2596552805 3200140930
                                       2377880318 3762132070 4031900539
                                       1522508028 2490928856 3598300612
                                       1233118916 4219818980 2222483084
                                       641119403 2978391921 3840023060
                                       4192849851 3878714800 2308333791
                                       783999773 1455273082 435305936
                                       2277201190 2339984984 2536969491
                                       3466891290 285314183 3333498102
                                       779307413 873558126 4128929530
                                       2120660179 959504762 3018043277
                                       1766958452 1777473523 3418563585
                                       1312603783 3403251468 4096657241
                                       3239013790 1761955550 1172938556
                                       3876156677 143871112 1678388155
                                       4130993332 1059256719 366919991
                                       2137069085 1672588985 3141165794
                                       2105758850 402932609 1807858612
                                       193715085 790715537 2497652180
                                       3013868992 3737597439 2793765257
                                       721142288 1275374561 4032689988
                                       757817754 1770379635 2430484368
                                       2499443194 408859747 2141774918
                                       2838740258 3699103368 1063926517
                                       3514586425 1963283101 1102786152
                                       2240564778 1505026313 2518406815
                                       1708634727 1380376722 151641851
                                       3790471503 2772990568 3649110161
                                       372955884 445318894 3424180901
                                       3870292574 1419155883 425429911
                                       1942900413 1207961745 3408968986
                                       589430368 3350046099 1769226165
                                       700048334 4144763300 2750863471
                                       2119488175 365694669 3390713057
                                       4035222614 394094504 303206287
                                       2593027599 2869878753 4163496729
                                       3064393614 2954262305 1715977822
                                       4008667966 4234899693 2968838016
                                       1069815566 1345108483 3888308226
                                       65606126 3551878124 3685796138
                                       1766522910 956514346 3128871329
                                       2918309081 6726482 118101520 3316830480
                                       3483215047 1999576956 1534217991
                                       1212560932 2079830465 1967404270
                                       3680834195 1104975772 383177428
                                       3492693809 2348743385 1239771698
                                       1939285578 3560819839 3429145967
                                       3484182121 2982974330 925589203
                                       2129429447 4060348331 4291649682
                                       2619233105 3388890339 4117846183
                                       1744834468 4174813831 2928561794
                                       4282549912 3523938427 1978633472
                                       1420706704 910177975 1827517351
                                       4288095781 4249083930 1798567235
                                       67265733 2119592199 3513111563
                                       3604975962 622757272 2629150173
                                       639107094 3994521817 948319667
                                       4268367860 1324552116 30082145
                                       3362781883 3815568716 2400527797
                                       3245204705 2037136046 3006923848
                                       2517137053 575582919 365326605
                                       1378686704 1600963469 476704393
                                       2029951456 2534626052 1796360216
                                       1037114753 268627708 669193954
                                       3172976785 2397466852 1108589681
                                       3380149300 570620426 1071910739
                                       1130105260 2894926189 1447947445
                                       759198315 137259052 468343609 1839764954
                                       2870043942 1266992901 1130505185
                                       1718560553 2382197809 1539984493
                                       3947995482 3038600159 1655380462
                                       2137974673 3857498936 3824109728
                                       787393618 2626208048 1546406244
                                       2036420003 250439587 4017456914
                                       1474775458 3970996019 1266735269
                                       554247678 2655934925 2484399088
                                       1453513401 2185254680 401966019
                                       2787527873 3770827586 755563179
                                       1946378690 3245677430 3782361136
                                       2482675090 3328675701 2314667476
                                       1911002238 2495041435 1401287442
                                       4058520422 1482145732 2804194988
                                       3416295776 502933871 4223713075
                                       3741797092 3098959072 1329511583
                                       1485851275 87219074 2940688147
                                       3550949344 4070857015 3791510982
                                       3071218120 206869683 1765472947
                                       3580342416 272747422 2444856721
                                       3996789293 256133534 1298049971
                                       1464114907 167973479 3323603797
                                       2840858976 2681382175 795618853
                                       4115784434 3096674328 3264622250
                                       491165841 3519620351 2561140078
                                       749339541 4221492789 985520185
                                       3674794294 2644306391 2997690401
                                       3634107549 4146716778 869838531
                                       518553720 2629993934 1527267569
                                       758085243 3235503013 3395442131
                                       1767828242 529902426 244403931 527084539
                                       2726011277 3988098075 3695270335
                                       946422216 1024401833 1578499190
                                       234931432 3891846562 527583455
                                       2025909772 1233012921 3385388025
                                       830583055 3898542032 808062662
                                       1582718888 2417771812 4224017032
                                       4084639461 393335031 4036182071
                                       2749609040 1029100348 2323121949
                                       101581981 2547238879 1879168041
                                       2915437484 3458038290 1474334871
                                       3554470084 1390567177 3796280097
                                       813522760 633487852 1076923949
                                       3552070566 3295142596 3373553398
                                       3733525289 3958892341 244641179 25754767
                                       2046604886 1770434658 2032531499
                                       2472017341 199749953 3495844174
                                       1743462936 1243322218 2612227069
                                       1052232820 1185581441 2312955887
                                       1409354357 2367419561 4046343057
                                       2486929277 477867474 974960815 526010001
                                       185468507 3351085336 4019721928
                                       3321555794 1529486812 605261546
                                       741217235 1559524643 2485319495
                                       928390583 295423113 686194715 1894062453
                                       686041428 2545496300 2632785571
                                       2462426363 1906527353 3640319262
                                       278581202 4053145717 2581572017
                                       877988413 454281267 3825364089 675509152
                                       4131709299 1239233761 487807661
                                       3009699213 1355410104 2462159808
                                       4139168967 710678291 204068427
                                       2762266973 66328453 3671122927
                                       3386220909 3016760328 974447966
                                       1550391348 840203377 3862916913
                                       2614062873 1784354790 3399194799
                                       467213113 3273567787 455871232
                                       1266374928 3390583572 3538112899
                                       3559658784 2091915144 3388042114
                                       3012020639 811447932 2659334682 43568766
                                       2837679096 1349370012 2213227530
                                       3641464637 474979052 42210830 3290034497
                                       751378788 2923847611 3921961623
                                       2179737723 2955149962 1575632438
                                       2966892660 2908976540 4285455745
                                       2449075577 1875600169 1780129093
                                       1151795102 2687289584 600321988
                                       2716990539 2637490497 588311300
                                       600798123 3424737896 871062965
                                       4145883714 3347137666 1943515247
                                       3864131817 3568747777 1971216407
                                       1835799695 2967542638 190750305
                                       1004010435 1486592811 2880369661
                                       1409897406 3074891647 3781309725
                                       1532142847 359316202 1997292105
                                       1547175307 1937802793 4124266085
                                       2089011214 1768597765 1199332612
                                       2148825857 3461571767 604170292
                                       3750241606 1794105621 3120139811
                                       1870048039 2791113655 299253911
                                       2644697369 4073384237 3405705335
                                       1985366166 2428084231 1637631231
                                       1144574186 1394689227 2213406306
                                       1632652619 1888825757 1677424101
                                       2528640039 354735973 850748240
                                       3605553261 2582536975 3844947126
                                       3301737077 299817289 515800039 112412542
                                       2402105804 2268794097 3815238013
                                       3395597937 1533360843 2710329396
                                       2559111683 102535698 4099369644
                                       572546308 1121071513 2298158249
                                       3881950198 2065098970 1805996285
                                       2036481746 2852173570 1293548603
                                       2339730978 2265683291 3757219758
                                       1698253176 485113818 17515988 3370577624
                                       1824345993 740779574 3053428087
                                       657024517 996551821 4150377116
                                       1273457820 2817014002 1361966442
                                       1246730057 4186556135 2619221760
                                       3400166292 237911284 153112180)))