#S(RANDOM-STATE :STATE #.(MAKE-ARRAY 627 :ELEMENT-TYPE '(UNSIGNED-BYTE 32)
                                     :INITIAL-CONTENTS
                                     '(0 2567483615 38 1248610816 3295266007
                                       3269995430 3768355588 1615369620
                                       4015956927 1186934560 2236793112
                                       1299572562 2924052966 75130994
                                       2076136942 3668565919 3275168545
                                       2902242233 2118135847 1833128650
                                       3457766205 194558697 24961828 3154223256
                                       2292618413 3755855336 1845359752
                                       248743172 3773852590 3404584957
                                       779346462 1969707372 4042494151
                                       646471368 2823262240 2261426851
                                       2055871448 1211481384 2672550472
                                       2680100820 2989380094 703353941
                                       892336076 785168448 3819181332
                                       3315270252 3778847427 1058935367
                                       2465422320 783065763 4099875483
                                       2102214605 3838615817 2547667452
                                       2424798980 370253278 1934121972
                                       2503561069 612684539 94091588 968247211
                                       3480029546 316458849 3529520798
                                       3848942533 2561863879 1624485411
                                       3181843323 2725536827 283010827
                                       1797806093 1915205130 1230602039
                                       3203085238 2908987573 1923970153
                                       2145685941 2111507093 2623475588
                                       764263838 4163166303 1749987569
                                       2246526546 2926987657 2228457890
                                       3523621763 3609932593 2057737546
                                       4258825626 2536464828 2409665478
                                       2300194998 306724519 683719495
                                       2915548668 2184326365 1738629873
                                       4017595139 2068930282 2804661114
                                       3232708721 1060217187 1029844248
                                       1343031704 1281156229 3340191685
                                       931692517 3168931503 2459211949
                                       2787814526 638321292 471759496
                                       2313805074 2817408787 3014513490
                                       1342210876 3876831090 1119578885
                                       2928900923 1168892217 3756421147
                                       849566440 1709184584 746236753 926032431
                                       2128095031 3600840484 2641085814
                                       2187556967 292343868 1794733881
                                       4288623306 3808575553 2406388363
                                       286423998 2258701221 1637560998
                                       979500728 3996668478 2632498568
                                       296209307 1835326170 1565189821
                                       648245862 2068111471 3322063287
                                       1020908978 657327531 2903113720
                                       3130294441 2003192473 2187020153
                                       2634999143 1507812212 1190363235
                                       1648477498 2900193366 3674498631
                                       656289549 2463431099 3970716043
                                       1703637834 3052213688 3965868047
                                       2161753429 1879822656 4107619387
                                       3820450716 3012705054 902468949
                                       3051423248 2850195712 4238022403
                                       3583753348 55610174 3444435304
                                       3398432460 2119196103 2145775775
                                       211824347 701785485 861445259 1636019734
                                       3246983203 4084760503 604672400
                                       380635519 1925706697 2221198560
                                       1471517289 2886441528 2052864637
                                       503203888 280709022 3397949381
                                       1592236345 2974971230 2815523138
                                       3044647409 788096324 3123768063
                                       2097175459 1335332616 208500155 54264694
                                       872620513 1542380898 34156248 3584143720
                                       2532194785 3946528698 3273592756
                                       1109654284 645290358 4110646531
                                       1432624822 2707423615 269739813
                                       2358558125 66666816 1405948337 42446138
                                       554044073 199504559 329713251 573215038
                                       2419983168 3711889380 2407759042
                                       41529766 3235068532 286613582 2679530999
                                       1198441344 4170762439 3686957657
                                       2701917450 1345136504 3897069374
                                       733060088 1017141368 1789338494
                                       2460939243 4254011446 2925056577
                                       323411684 740716786 4264970373 878273028
                                       3129746184 651350580 2536987185
                                       4159118197 4212572702 2779015199
                                       2132015124 3220924470 1690241565
                                       2609871234 228048344 2287416689
                                       2278301681 3114463407 3577245163
                                       3775998879 1891126420 3640386442
                                       2225482296 3816440627 1175912258
                                       553277655 3194422625 298972601
                                       1919756401 2816301246 1354761613
                                       1264081296 3040739194 926791839
                                       2272290938 3082405024 2435419356
                                       1658640477 2085333703 107777504
                                       2538179287 2691752717 279634729
                                       2723388619 1701533235 1179713583
                                       858701335 2264186394 3272007944
                                       2020657020 2050239314 79019291 951237636
                                       1463403708 1554222246 4148643751
                                       2188716277 1351660308 1530423416
                                       4204620456 2840835243 893087103
                                       1143119844 501732018 4068074303
                                       2778967938 3070981519 1705920998
                                       427968330 381127827 3239076615
                                       1606161783 2096696197 3671329966
                                       1390371815 1666649829 2283039205
                                       2742126524 353094874 555357712
                                       1265629625 514946943 2589152057
                                       3440665318 2547191512 3569507475
                                       232591759 1074149683 1033746782
                                       2492677677 1236437960 1998745166
                                       3478725824 17467245 3132361830
                                       1601423673 3052457019 4269152684
                                       626418475 2068159082 3160310689
                                       1549349611 1082514591 4078887648
                                       536375710 1273051610 1210501773
                                       852806803 1205561348 4294613981
                                       4180380989 1936977843 382143622
                                       3217327220 2422164694 531642318
                                       1346980001 4095798803 586911436
                                       4058193396 3391600070 2977735669
                                       420275853 1901310737 1350496498 97439456
                                       1389922732 1429204005 4073149120
                                       249774690 3548816719 3886425658
                                       1708070648 879780955 1259174477
                                       1800516259 3825005948 1849436200
                                       1973633812 3794532615 684938479
                                       2075005168 4152302656 897994763
                                       3693575871 135011991 2210312315
                                       278027691 3800823239 1722494883
                                       2499479437 20956564 2748100018 826654432
                                       1264993366 1777853970 1325661668
                                       2847311204 3380593364 2143684721
                                       4047094339 2683077673 914616165
                                       3806756126 1205336769 953953368
                                       1557003097 3176780037 2275113187
                                       2307346678 3662073064 1500425510
                                       1901381085 2831011207 1004130497
                                       2002448676 4133740704 4187751602
                                       3014852999 560941981 3204107522
                                       506303065 2136767938 1755685709
                                       240439300 3797254671 3484490358
                                       1569166773 1512584409 2365750836
                                       86422468 3753059674 1126953216
                                       2547728686 417858676 3259205564
                                       4204129577 114475906 1598393794
                                       2983448822 2093486903 1465449278
                                       3871490708 2012230166 4258615932
                                       4046312408 2356387782 3117689654
                                       3994630310 1361627632 390794735
                                       1878905545 1046811968 3530687352
                                       3104627538 3123870778 2922127126
                                       2040219045 3606388215 754090352
                                       1070930309 1084488808 3127743904
                                       2021674713 3622398644 253733743
                                       3811270239 85100983 1342551671 440952087
                                       175366145 1573646882 3743114852
                                       4115725059 3034673720 1648408330
                                       3663730010 2410685537 3166964921
                                       3500114201 828723927 3078987198
                                       1172523877 1931772403 2584953617
                                       2768001518 3795294870 1639547776
                                       305043825 3880509132 4259806095
                                       1906693442 187437007 169212474
                                       2800283897 3342883508 2634622638
                                       3312576571 3212221752 2716076613
                                       2981141877 2788963574 3362441321
                                       4001125424 1459539228 1144073191
                                       4204201172 3936200530 3403053879
                                       519180139 2071045565 1575396801
                                       1212796996 3332401201 381394842
                                       3435902869 2958163571 2570348543
                                       765309739 3954309749 1785834041
                                       2059055573 4287572990 802739205
                                       3299021550 796575979 3493502307
                                       3825522032 3715548067 2858090182
                                       2469133754 1948125947 2649935004
                                       66601225 3158868054 3899373806
                                       1446220216 1224522938 2357323744
                                       3587166754 2056959855 3199103277
                                       3706973010 3890732441 363829786
                                       1241770285 2127845509 2699276566
                                       2910896887 2441785253 1258304333
                                       2042237850 2145880255 1259501350
                                       184437702 3120754525 2984918540
                                       3149006398 3516155727 2490619488
                                       3790010862 759611247 2694534524
                                       1231069536 1342572231 516977484
                                       3778216374 2194853214 474601317
                                       528778865 2855153268 1234171012
                                       2754357302 3611003618 2859112007
                                       644731566 3569284037 770983153
                                       1653096452 1683847059 4294633472
                                       643182602 2465010298 3498885462
                                       179417229 3456748477 612059048 490760089
                                       2614631321 2872321086 3341861844
                                       1864706000 2235316600 2172251899
                                       765002087 521493056 2537792430 994928576
                                       856886981 3322800959 2185682763
                                       3297444812 2905135649 3973064856
                                       925737163 2775077970 3805530089
                                       681012494 2672327015 1694302737
                                       1638065093 3377955366 13314064
                                       2402260943 3586906469 1224860413
                                       701319305 921833005 3921286110
                                       3505032390 496039484 1850761558)))