#S(RANDOM-STATE :STATE #.(MAKE-ARRAY 627 :ELEMENT-TYPE '(UNSIGNED-BYTE 32)
                                     :INITIAL-CONTENTS
                                     '(0 2567483615 176 1235684668 204655197
                                       2000341641 905404191 366555052
                                       2385629146 2059832987 1036532305
                                       4097848062 3905840754 2877399058
                                       1178167711 1920156519 850465823
                                       3807827141 3565249967 2828676436
                                       75142670 1288488534 2356716511 951256047
                                       3920645561 271815889 4027660649
                                       2794928177 1576339209 1017607082
                                       2321626191 1397451011 3810328059
                                       2723954754 1936203143 2868069226
                                       591861736 221216637 2139614178
                                       2998622852 1935003787 957068582
                                       3175933537 2471217977 3023567808
                                       1779297761 1510016388 28432389
                                       1628335525 2126965605 3745860950
                                       944330844 3387360670 1250721488
                                       3891527734 2997065859 1686776212
                                       487854909 4219591587 2543555999
                                       3552621051 2182653202 3249591202
                                       3323098718 61346197 4112702351
                                       3004393961 1364501825 948868575
                                       408193453 4152264659 603243814
                                       3293522814 1249027181 703840017
                                       1715905904 2179431660 2514776521
                                       3469765528 2127379715 4163036192
                                       3266078379 2240442601 2974771440
                                       2880998485 1933792351 1077402876
                                       3518533043 1227727864 1533344556
                                       3651054316 897227319 1595489943
                                       3884232807 3763737467 476240535
                                       1275472311 934037413 4092743922
                                       3777957709 3919082716 2702286011
                                       950163266 1301553527 2983013453
                                       182668928 875699621 2129616327
                                       4240786146 3914842166 1847938209
                                       2190051085 2065536749 1028358942
                                       2307676221 3189504822 3718714090
                                       638794083 2122794637 1919390018
                                       2957733940 1211475977 2911083374
                                       218948674 825394324 2124895278
                                       3991131858 1665445234 209387989
                                       223174221 2630602975 4192299670
                                       3936679270 592883532 1380626263
                                       1542956008 2575804510 1992436578
                                       871295870 4116014741 102133625
                                       2590399182 3996861626 3959535320
                                       3754397667 1193188197 1004184249
                                       1080509627 2699441205 4172760080
                                       1313949046 4055937559 3327191329
                                       564603942 4198877388 251924914
                                       1910850393 3929373483 3989411850
                                       2234283617 3985508648 3924746751
                                       510506007 2806018061 4181783083
                                       533875550 1340840863 70780153 1969026593
                                       2480297441 907572207 926644830
                                       3292602711 414479718 1869000168
                                       3353214474 33455132 763011414 231541583
                                       514566269 2842777948 260218361
                                       2296330442 3005850932 1536669009
                                       3458010961 3889527637 1021787544
                                       2892795342 1873479674 3868530711
                                       950667645 1029563975 263907222 677433866
                                       4064507228 3122188767 3646814132
                                       1251844323 3547120471 4054434075
                                       3167787980 3210836398 129853615
                                       2499114148 2558060142 476949223
                                       3211195399 2774229247 26807849
                                       1832420689 3523988665 1546787918
                                       150986237 2124238131 1744118169
                                       938883576 3779026273 2481069289
                                       147518916 706933241 2866764021 277908798
                                       2988293047 2799952905 1449992588
                                       2579259945 3063387668 3840389754
                                       916762454 3443575513 2055544632
                                       3344775647 3166449118 2916866660
                                       3958898500 1553182805 3652713188
                                       719082840 3826962744 2420176218
                                       1600797192 947712582 4225611659
                                       3690797770 3828169222 4060413273
                                       3866500489 504507324 1337899648
                                       917350866 2659475266 319919235
                                       3926034187 1748300940 35220601
                                       1537760167 2569122195 3069202416
                                       1522319704 2955603347 1416779668
                                       565846276 4136748453 1690836631
                                       3706812825 3922559351 2422002469
                                       1079032229 3290594579 472910575
                                       4238830902 3759058642 3561256979
                                       2120724446 1531495108 1841221104
                                       210110066 3245296568 3582685347
                                       345509968 3739684548 4260416240
                                       3084100051 3898297322 270554211
                                       392977938 2534021730 4174025540
                                       567258732 1753305188 1936386191
                                       2381150346 194091667 1556343526
                                       2612380035 1478837228 2581835704
                                       3678649659 1112736403 3778018090
                                       1773410414 317308065 1373493704
                                       1988815472 2514673347 2399891018
                                       3533353247 984848616 161000084
                                       1827592301 2895831833 1150893729
                                       3578707533 752737346 2564250282
                                       2455610001 2014791715 1469550758
                                       2628716530 501088968 4210544994
                                       2599563816 2142582324 1531773117
                                       3177155054 536938606 706130941
                                       2235879152 360406393 3621384004
                                       2111958481 239940847 2280694002
                                       217729631 2687391237 3019425553
                                       2757561091 3869855065 400419066
                                       1060373309 1855330252 1394417967
                                       1530054545 2547282195 1758221559
                                       4082850942 2449828875 298818640
                                       1325685266 592201813 188593722 993925401
                                       2789301016 1770415901 1458676642
                                       1643722663 2891709264 3640397045
                                       953944868 317040812 3419080870
                                       1392805708 240078580 2165552966
                                       1780862258 2076498481 4077229079
                                       3041335943 9145324 348478782 2377734562
                                       991662196 831709243 1148101641 499697522
                                       3046676804 4220030288 3609424038
                                       595870298 1010221795 636635570
                                       2825331964 1671186822 1764178489
                                       2002100124 3688462000 4266267088
                                       2492375966 2524486264 3529523189
                                       4286072822 1666115326 2243758872
                                       2853784351 2499803615 2524854708
                                       450281886 1035316940 3933397793
                                       3895826415 3996084044 3047311869
                                       144598570 629550775 2929321665
                                       3874955943 2014846447 3567892209
                                       2291117054 4252877003 902958898
                                       463712220 3464047720 918486397
                                       2117363720 2588263297 2479663441
                                       1134232075 3182289285 1976275358
                                       2061767384 1514322204 1939264471
                                       3032862416 1693588296 1757997603
                                       247646449 674537457 492506011 3976676255
                                       2890748569 44398649 801918972 3537317083
                                       79539393 2604825283 2173191920
                                       2033585298 3475530445 2952124043 4715411
                                       3614345586 3886984998 1509558407
                                       212792411 490836117 1087378483 804760366
                                       1569923098 3584253622 2293971841
                                       458169164 2000395625 1249419120
                                       2304028712 1396933705 606879651
                                       106049258 3500401320 2054136724
                                       2123943843 4113185953 4011189630
                                       4057338727 2097715491 3998930883
                                       4239978872 1569697495 2765643285
                                       3935819899 3144033772 3031302940
                                       2872494746 3110536030 252631719
                                       2415962173 2077287523 339792021
                                       2498949006 2579935848 3797954063
                                       4137197955 17042432 2187656301
                                       1020933078 652279999 3993608460
                                       228068037 42646330 2213445276 4013686121
                                       3260803034 3093628319 1632039360
                                       4249689931 3982642174 1715903925
                                       2186031899 1525298374 1964003376
                                       2083628271 451499144 3253617710
                                       3013716753 2681131529 2256775514
                                       3227622481 3698782967 3484584516
                                       3755866322 4048576964 1178041849
                                       1355866491 2678201025 2680945012
                                       2095522536 3678026744 485759405
                                       1761003619 3396883075 491759372
                                       4044305401 1431259057 699192361
                                       2207797052 476678490 197579634
                                       1360007158 2864570650 3608610124
                                       2843780550 2746866891 2441206117
                                       4290397020 3127708555 211322247
                                       1694021568 1902701049 1288060515
                                       4120414230 3409143849 1758469727
                                       1976199068 1588370964 695699022
                                       2794300974 2671058153 1045127061
                                       3576441510 305358115 1865960828
                                       3019494087 2381011252 3745433865
                                       4059127650 1988831008 1956895892
                                       3861531154 3181809639 3940201839
                                       923242508 3427469342 3791869953
                                       3127337958 2570136149 3901045458
                                       4177104897 2523593410 1586773289
                                       1164608534 3115279235 3457480030
                                       3027949926 655324989 2825661315
                                       2103925756 3664091834 3518828420
                                       3032289634 2617195788 3082956507
                                       3206418112 3923288077 1349902024
                                       2396535900 2668089118 3893971959
                                       839832321 787868734 2950121903
                                       1739809481 466075607 2285309504
                                       3362140199 1770272 1235576796 350653078
                                       2544694480 1366818743 2527067869
                                       672055274 107952910 3829194176 848524508
                                       3564917316 478788743 2481832953
                                       3784142787 2005325662 667751269
                                       3072650512 144108808 2716005287
                                       1731711548 3889925464 2625644226
                                       1577687361 737985086 353970928
                                       3829628784 1498403440 3863786053
                                       1258917417 2785980800 3352652418
                                       3466683839)))