#S(RANDOM-STATE :STATE #.(MAKE-ARRAY 627 :ELEMENT-TYPE '(UNSIGNED-BYTE 32)
                                     :INITIAL-CONTENTS
                                     '(0 2567483615 93 1242035120 2132580958
                                       2430782497 3119685543 2079703407
                                       1356660170 365473807 4028416285
                                       1411567613 2991331885 574904004
                                       406346059 4055689288 2912601104
                                       232745882 3637681733 3189657260
                                       3627719561 610925196 3925878456
                                       2484312607 835777712 1790932800
                                       3143534333 3922856545 1286034086
                                       1143241374 1433946344 1761606188
                                       1262115541 3196942977 1615687857
                                       2929485359 3990479482 1981136003
                                       3240284395 936256915 3400594661
                                       2950060376 656665675 3119505555
                                       1961884487 3110792817 1610607606
                                       2912579634 875975481 2782275934
                                       2505841322 161726628 759915621 781864681
                                       3624714461 2716844783 1163598409
                                       1196362023 1455544964 373748542
                                       1794196161 4021703897 4261066737
                                       3074072655 3997295854 2095178656
                                       3779378757 4022032278 1259705868
                                       442673649 1586448170 3167952600
                                       1742538045 1585013044 4099304907
                                       875007319 3768181091 3503839253
                                       4011480130 359595100 4030235213
                                       4031395730 826671316 2712851663
                                       1216449363 2224409062 3053282390
                                       3850516874 1909869676 2331414626
                                       969102469 2345339227 2867343454
                                       1655511795 471923774 4015821241
                                       248544165 150270118 1530278184
                                       3478316988 3418510083 2054405472
                                       2991773742 1056048405 6662050 2402567297
                                       605944576 3589465735 3726000529
                                       805630077 2975129465 2654001140
                                       1767347596 690899783 266265495
                                       1118875278 3276726466 3434389644
                                       3354369203 3791579116 2618808926
                                       126835277 3105116412 839389584
                                       3202343966 2423592950 2465067553
                                       907265027 2007662142 480251289
                                       3958466377 2829364545 4024230195
                                       4038152846 1930791277 2700097470
                                       3909440418 638556388 16608996 3800659304
                                       784082683 1216858730 3280661877
                                       2752514190 1688147104 1231627308
                                       1794711205 3352943217 2675558255
                                       2315781670 3750687156 265704056
                                       3494066004 1075265527 2785038236
                                       1295771041 1456380433 3000429696
                                       3031352601 1797137082 4058222177
                                       2793242418 2304376381 1059745548
                                       1757244024 2043684580 4041613941
                                       1993009856 3055082839 474707940
                                       3954910032 2099685694 3978222565
                                       2420524592 196236898 3658430562
                                       3646803406 594683549 3816696661
                                       1596748828 1329488419 2339863160
                                       384364230 343907538 1159309538 727631129
                                       245462212 2571442955 1576779214
                                       177061871 2792652575 847426737 570636641
                                       1145955575 1558187385 3899558886
                                       3856115443 3174577392 867223890
                                       1063248733 3138174441 524025300
                                       2949154506 3247786134 477987187
                                       2142114759 1953603695 3736144618
                                       33441895 1859485494 4197864252
                                       1218716119 446318239 2127259888
                                       2930008048 3111097216 1661656244
                                       792950729 3419744309 2158434802
                                       286862985 1323435438 1958437667
                                       4025878049 1758541325 2792189345
                                       4137596612 3962799700 4008822657
                                       1157217976 3966317026 2206304209
                                       252782966 1449739431 2474575198
                                       1008840270 528410569 2653509230
                                       478113264 888228639 2804268204
                                       1705131027 3737488611 2553288414
                                       2935913509 1922989948 950905969
                                       3403697633 342142844 576194453
                                       4008787157 3605076037 2283213380
                                       1740583031 2057825856 711824475
                                       3943458602 4123800063 1191897786
                                       593529821 1663453036 585129448
                                       3835016627 150309810 4203143703
                                       4111716098 1856096083 2500565722
                                       3943532606 1732334900 3854142493
                                       3073914580 3175388751 2334378344
                                       1734769449 62220887 1025401577
                                       1992258013 3149697330 791771806
                                       3093822717 3150294536 477594374
                                       2732398817 3128122285 2479659186
                                       3545077035 2618577803 2880922342
                                       120312699 1009457327 769012408
                                       1486704091 4004742291 2643131675
                                       2689294252 1942867767 1537252949
                                       3516533130 2356961364 2778556227
                                       1309039361 687986447 338933702
                                       1148372209 584299080 3307958623
                                       1190671178 4172734212 1989249507
                                       2822900549 2289192170 3991685979
                                       4040683388 4210368176 2572572504
                                       2386124625 1495695231 2659406782
                                       2021573528 3258599573 2350568670
                                       3658844887 732850610 1667612572
                                       3637425792 2205932126 183955158
                                       2845873988 1853608489 1524080747
                                       1758569916 329122955 3601545677
                                       2697890697 1060141168 795441075
                                       1378984466 3303333670 3785531576
                                       1597828208 900867282 1328551170
                                       3447066486 819055608 79323164 828630213
                                       1969832845 4225360391 3634616426
                                       1928440154 1477396236 3230561391
                                       2040040196 3723898489 44311297
                                       1092510406 2914369262 3262880139
                                       191349373 188446874 3632039054 301600603
                                       2173058245 3436514779 1041170251
                                       3752797453 3520022102 1666889926
                                       1357374662 3819409156 2129269509
                                       145224763 136225197 1719392931 692384579
                                       2262179330 3227048608 1123264626
                                       940723195 512028395 2440404404
                                       1921815751 2290137131 1472557610
                                       1408430273 2077363236 2221612099
                                       1082210455 3726524593 1577244665
                                       2727459121 1653209851 3493138238
                                       3155684880 483422982 3467444467
                                       525591107 3160231079 1067259202
                                       1765080080 1484813850 3428931598
                                       1819872369 2101192288 4129701540
                                       762395610 3482578540 704275349
                                       1494261583 4159344843 1721217999
                                       2301052948 198291043 3707240628
                                       1223210871 3654895483 3225756291
                                       546869026 4181071894 2645346238
                                       1288012281 313528146 4025685710
                                       4101343116 2866189979 47865066
                                       1363284794 81752314 1305850086
                                       1636593302 2777028586 2359185094
                                       1089153886 1376016624 4111844677
                                       2334293598 545860995 743808975
                                       1671403287 4050022738 326136391
                                       3204503177 4156344416 109532726
                                       1462328359 2990686475 892310232
                                       2269186285 1387426943 3333242760
                                       2381963809 312549288 1938832342
                                       2432123923 1051414386 896544626
                                       3785612299 934549306 2388204310
                                       1162001323 1681885949 3127319015
                                       1775176736 163989050 637175815
                                       3045274318 4012779200 3961697528
                                       4098332343 2764300035 2222896735
                                       4271252466 2509899068 1537102309
                                       2967277920 4168874377 1401544078
                                       1697593299 2864027240 3001840857
                                       3852461150 2244172450 1782937410
                                       4094331931 930588758 103603239
                                       2979880414 1076942521 170894985
                                       2483917921 1820514254 3841892024
                                       2398402505 82310529 2509504160 377101137
                                       2358064157 1746948673 651372718
                                       4204433838 354603007 2649425556
                                       1705264459 2636274482 3571802105
                                       1889878976 212654687 4186216227
                                       3087440854 3761771300 1541016373
                                       1287202971 3105889317 1860531981
                                       3840454674 3986215737 3690324678
                                       2471111161 1672076789 3554809978
                                       3952082820 2369066225 518549485 62593752
                                       2006874191 253967396 1435305633
                                       2977642396 2681968821 1495239196
                                       294751935 1230032950 1770863183
                                       4185695615 612844030 2046188587
                                       3587755995 788633477 3420860911
                                       3092723059 3749281167 2968661152
                                       679061527 3713424873 2012463876
                                       326939094 2351149388 1618647021
                                       3295504486 2784964169 1979226983
                                       3071768322 797639096 3885732463
                                       2289932051 1351132901 2808741948
                                       2424769898 898737551 3732383175
                                       1265986666 3570321219 4129287219
                                       1059281059 1877812721 3017066130
                                       1654145657 1050176605 447182021
                                       3584265923 347752147 1770584387
                                       3862737544 3410189807 2668288001
                                       3654273957 1601034340 523103125
                                       643607440 111546288 2235503301
                                       1936461905 44955845 613607147 3174706840
                                       261210700 1669623723 194856413 129791793
                                       2320110803 3668471536 3593409742
                                       383893775 1386793751 249911226 555940329
                                       1296256988 370656894 3757395903
                                       2642319173 4128949007 4025032256
                                       3174455773 3627689741 3097828512
                                       917445092 3516951753 1464106531
                                       1685799893 332907241 2285185576
                                       879366723 3325109161 167926065
                                       1315703933 106467665 2278427390
                                       856429431 3347205291 3900834911
                                       1999462760 3937491491 4069306223
                                       876786848 311623470 446622874)))