#S(RANDOM-STATE :STATE #.(MAKE-ARRAY 627 :ELEMENT-TYPE '(UNSIGNED-BYTE 32)
                                     :INITIAL-CONTENTS
                                     '(0 2567483615 513 220570336 2626943471
                                       3651058842 4273703243 3587501453
                                       492337134 1619223910 833189700
                                       3112471065 2863803590 30847586 616448477
                                       2388795457 2497201525 1181874816
                                       1622369474 3507417904 2132285195
                                       1387892708 4204681231 726546653
                                       1588965393 1399046739 1724122887
                                       2645596824 1986647338 1467120201
                                       2120759514 8472178 2844939396 492078180
                                       455303092 3349443014 3760913709
                                       1292445095 2423197792 3843711096
                                       1230355658 3783788016 1127477256
                                       392662903 4175223433 3597059260
                                       2930582453 1161663 963470927 3488618847
                                       183433176 2618977730 1938677584
                                       271537557 1941790769 905062558
                                       1867402504 1679188052 912961269
                                       699009460 1147751230 900792526
                                       4047364546 112636859 4067473773
                                       1351543921 2756572370 527804313
                                       266909226 1748195964 1927909566
                                       3768381329 1302137107 4006920674
                                       671500292 2178791616 1769714246
                                       1724375499 2334215911 3271712327
                                       3929592862 261660473 3813582456
                                       1674441854 3646070567 839530145
                                       395516546 3030168653 3666831717
                                       195599944 384650798 697444674 1910713333
                                       1166712808 3342483686 2563853136
                                       1057440217 3738204300 191594590
                                       3308646745 2743730784 1524652019
                                       2882723958 597209218 1207697016
                                       568978746 3897260928 3448688564
                                       1690259808 1873918849 1747177930
                                       3377979996 3176255259 1600593566
                                       690557796 3859658108 3061735622
                                       2999982293 641385354 1500106409
                                       807646012 3200564355 87803479 3908705255
                                       3895920037 464185141 2653676316
                                       2459311665 3904882362 4209757520
                                       1369312606 467980795 2096863197
                                       3494758176 812428955 3957197641
                                       3425148878 2527419299 4259432406
                                       449602395 2082451896 3906549083
                                       3841735939 843071725 3417673132
                                       1644425501 714229176 2450708933
                                       1079362206 3415890735 2120993102
                                       3665815862 877124661 1861102122
                                       4225678144 3866290552 2275626387
                                       3663445303 371913408 1650822490
                                       789113098 316259152 4278307327 749157894
                                       291652008 3031838839 502278117
                                       2349414750 2852526511 3029614717
                                       4250993572 3295318446 391217538
                                       3497062998 1210461860 851034014
                                       4232524670 595994395 3124369480
                                       288136157 1495331733 1887543049
                                       2654669560 248468638 3092520244
                                       884383137 3266210219 2183912632
                                       2875704860 858542085 140424863
                                       3370850504 236712645 2179183152
                                       186108762 2324366461 904078282
                                       3331897447 3652852205 3684404449
                                       1355739813 4118703079 1612963698
                                       2847793940 1761246378 3670420760
                                       870541644 67583673 156648412 900281328
                                       690157411 2471426913 4270133863
                                       2469457872 2969300061 1464046122
                                       3313145258 386080908 1627599636
                                       623605955 497057879 2384155907
                                       2145448536 2678815897 3149107497
                                       3856622539 2124848502 2980990730
                                       433066551 3019454570 3882634384
                                       3471391991 2864644667 3261006726
                                       3597184603 2837057967 1150425469
                                       2226581376 2436706504 3187756144
                                       2520512491 501673056 3005084106
                                       740596067 3598609388 2979935023
                                       139432953 1320498742 76194683 1075103555
                                       1427933973 2370421581 2142638684
                                       2212893352 2633863312 3758038187
                                       3602612587 165722832 3312600401
                                       882698544 2149199051 827732204
                                       3382156932 639839939 2165712144
                                       1778520037 3707943954 2868503553
                                       2772505532 1372108418 4016842394
                                       3160047737 168223415 554214970
                                       1149719173 689612670 1865929520
                                       313993482 3917850290 2266660295
                                       2251182116 1638893077 3194168224
                                       3920501420 1957603890 315630961
                                       1503210047 53976648 4104708761
                                       3095972328 1365892637 3066691774
                                       2364094668 3667205952 2087185045
                                       291189922 2626228650 3130299815
                                       4216932534 3619269456 2954009568
                                       3333803805 1569447161 989522466
                                       2768374650 379704677 120339697
                                       2303917437 3856712994 2820540134
                                       3455008552 3307683662 1913332363
                                       3761503122 2123250670 1221979190
                                       1474824209 1438051206 1174219550
                                       1431942531 3969312938 1694032092
                                       1120415889 1793030580 953445701
                                       2151841329 1435617785 3530006907
                                       3558254076 1648178116 9142580 3587876117
                                       1716266611 188068054 1091067874
                                       1761750430 434405386 1643127327
                                       796667896 2119582617 1586766595
                                       2657823926 2589062043 1171414990
                                       90997867 1906982435 1179344656
                                       1057114146 1456666576 30689820 708269432
                                       2512276284 237166991 2248249408
                                       1960182472 1866984724 3460131383
                                       2122148814 2277438362 2442187753
                                       3043098188 573197756 2637253025
                                       2463146221 3752289002 509928067
                                       4235326949 1521751603 2464592481
                                       1144966370 1130055028 4130197369
                                       161828692 3144632119 4287663499
                                       286403610 1327557635 3710761872
                                       3448182041 165568832 4227425573
                                       2142788702 2077007914 3890555214
                                       707272359 877921451 1381873183
                                       4080612726 1119533975 605858995
                                       2372705218 1570881553 3252569147
                                       277784732 1316062251 1683993609
                                       104211290 1908671570 1004755695
                                       1544265961 2315546073 2368331777
                                       4090175293 1368622175 1795711732
                                       2143704457 434250863 288637200 73311090
                                       4027736465 2853746205 1677068177
                                       1222830544 2149170506 4136260505
                                       3642729892 1087708077 55257025 162436059
                                       4204364243 4128618775 3255382357
                                       196008960 1902313302 3324568914
                                       2391427057 491237816 2576656406
                                       3701063749 3208722753 1880699190
                                       1044007303 2712207360 1496176922
                                       1882051938 1318868060 2529337875
                                       3764954114 3871926563 3293533890
                                       2937975347 4253067189 178408573
                                       2531652340 285896933 2797565397
                                       2914802615 4057222668 3858623189
                                       2863185120 2675144285 1583387228
                                       688198471 223016784 3656849254
                                       3857859388 2027727657 647675175
                                       4104571070 813336372 831360723
                                       1761275558 2494634307 2474141626
                                       3375422843 4089716858 1715363688
                                       1808166538 900407790 1771668937
                                       1175485294 2669938003 344006252
                                       3586037696 1311892053 883610191
                                       3037754866 4159432250 2881772864
                                       156476103 2168293356 4047805850
                                       3252968610 1080572996 3881946998
                                       3431101710 1525508082 4274712898
                                       84009456 887021496 3161001672 734144359
                                       2192688676 4154223805 1902719173
                                       2491613368 2082469354 2618516808
                                       3636031617 3128011043 805641708
                                       3116317439 858096817 4226509176
                                       2468121605 1070960829 345913835
                                       2307317961 4147639505 1589665991
                                       1750827657 316874910 1519778948
                                       3702241737 3927667820 965004499
                                       3664067749 2900487275 58862211
                                       3203456011 1799863091 3612649633
                                       132350998 1086411149 1980872643
                                       308100465 626602962 3936568679
                                       2064522910 950765341 2914273289
                                       3459186740 3142646419 253413581
                                       177835502 2118344531 3029465908
                                       3070034554 1846136847 1887146046
                                       1295098919 1811668994 914722133
                                       184353272 4214827993 1405278226
                                       2914071952 3452266442 2628786667
                                       1371374186 4160715504 955791952
                                       2227028655 2498422296 906228752
                                       636540593 3268565627 2909931788
                                       3905744525 1662244573 2668792102
                                       2292045622 206477610 3176524663
                                       2166194993 3077309998 1506602465
                                       1473064688 1573542452 772485529
                                       2922539419 1797509522 317360311
                                       2428529278 4249978613 4159511525
                                       4127071038 2757182259 1744958734
                                       1901406105 2120752366 908711452
                                       423925848 2982153158 2302307422
                                       405774216 3367615569 1025037775
                                       3615058871 2441289108 2219084227
                                       3154329420 91116429 131709424 1419224825
                                       1843483021 860754585 3532687055
                                       1819838277 3982904722 3988945619
                                       26887386 2140661247 273659512 1395487863
                                       881589762 218730091 4040955139
                                       4221332021 4098577102 687929025
                                       140170341 399592946 2653109355
                                       4099771033 1325520375 3455587032
                                       3159720165 3156315181 866729237
                                       1326845491 3943608478 2561442634
                                       2535444288 4280881209 1165633894
                                       1520005529)))