#S(RANDOM-STATE :STATE #.(MAKE-ARRAY 627 :ELEMENT-TYPE '(UNSIGNED-BYTE 32)
                                     :INITIAL-CONTENTS
                                     '(0 2567483615 481 3130755312 3686273838
                                       3416096955 943934180 2329196940
                                       3838814534 2915519282 2811710938
                                       1715096378 3492004336 1059381197
                                       1240204484 2563595828 3457105861
                                       744821626 1092332285 3212735104
                                       585010958 3607103593 3871892523
                                       1248275758 2535095949 602554715
                                       107502824 3791731900 3199846184
                                       3492787617 516792417 964946120
                                       3154093105 1330717834 1289947431
                                       1201039821 2758696251 4120421085
                                       1038698946 1683428198 3107931218
                                       2127199130 2281469839 780441323
                                       1263963234 2257416005 3317341713
                                       2113093374 1835471920 1049344246
                                       1495266396 1360501525 367720230
                                       236356580 1264306387 3780370417
                                       1109814180 3172980149 3841149240
                                       2290559383 2734836149 1586541487
                                       3714690199 89387586 2922185778
                                       1550497862 258445114 3301958887
                                       3281523919 1687847116 3771179999
                                       785196758 3773167970 1382404844
                                       3080305997 2055619603 1107242107
                                       3381971083 2776106867 1602569601
                                       599219382 388417741 3895045512
                                       3181053998 2336099415 3600237714
                                       321110067 3016676764 4220230596
                                       3971093326 1019265411 4237072344
                                       2245492081 815993283 98633531 678004926
                                       1865605111 3387579149 1072127004
                                       3965042023 1016969471 2209329895
                                       3501925573 1677064116 1162969137
                                       3475364048 4070167904 2669567251
                                       1456249591 2813828649 576804036
                                       3762319999 1006932239 1645924303
                                       2445880565 1965519622 1644386377
                                       3704909831 981421056 543945479
                                       3496380701 1639720753 3844596793
                                       3061290918 1648098338 635524959
                                       3599686636 2402566794 3426723494
                                       2400103187 2954704541 820818440
                                       2225447476 359980899 3533681636
                                       173898203 3383179389 1443764872
                                       1061715482 3166413171 2027021375
                                       3264050886 1582898067 49633870 837009626
                                       2647893654 848831674 2019181983
                                       534202154 4133168728 3014589879
                                       2216313407 471575287 886837920
                                       3487933736 316385952 4158082668
                                       430141799 1993049235 4164649744
                                       2014905748 2066931124 3906264601
                                       1176038890 463613749 4279437515
                                       1801740211 1661502643 303839671
                                       2202244290 1758232527 3791524241
                                       2276232417 2160888350 4109896955
                                       218335072 3141502612 3169424292
                                       1743499076 280125817 205567289
                                       2319570949 2008510712 254622013
                                       1905820584 3673928879 255508462
                                       547529149 1829596861 163710981 17581973
                                       924794542 994913219 4143565344
                                       2975710306 3413289012 1211254887
                                       4064268161 920561275 1603300707
                                       3011493213 1095917370 684286519
                                       3369606785 4071384510 213749130
                                       3652436589 2695292500 1533768467
                                       3286398597 3555496528 2872756244
                                       820964436 1075042667 3750577340
                                       2319470653 2384282838 2972315658
                                       3828103476 403543702 2380451022
                                       155906142 2354897200 3230185361
                                       1498747939 793266469 3353055092
                                       1226793282 128958975 2172468092
                                       412972892 2948576015 3788639964
                                       334614936 2483881311 2184155223
                                       2792119340 2935405424 747490199
                                       1027939776 2730679468 375847887
                                       2637652972 3590262526 3495197645
                                       2167832940 2184158546 3329122540
                                       2798979659 3445944373 2933200009
                                       632782148 84771824 1810997596 473371563
                                       1459954577 1538060501 4046653441
                                       1597480478 1362526154 1537594717
                                       876632519 3003197078 273975160
                                       1419193073 1753887816 373402449 49763352
                                       1518385801 3793926519 4188755806
                                       267702225 2251029839 3948046821
                                       872289561 2923413100 3114436297
                                       4235449396 677056696 2826382110
                                       3423805960 1588494091 839987136
                                       502417388 201627634 4041505173
                                       3290807251 557592940 3295493034 90600388
                                       682108221 3667437244 67223935 2789925697
                                       2262008457 983489924 3513241287
                                       3808634528 3287987901 1882395696
                                       3346132702 3116373386 2185916160
                                       1728338157 3739642213 1381674642
                                       3924172944 1175968268 4290460573
                                       3305271151 3244131734 4188560469
                                       2093022814 1718550609 1247900328
                                       353733528 914450908 644158167 2413510273
                                       1996806665 2467708392 77884249
                                       3060525928 205181264 1921760720
                                       2889425051 1676627871 3812690764
                                       2764931943 2570599610 3913962472
                                       139582799 2472001313 704589153 333323630
                                       3726372717 1736954443 3269909130
                                       3414331194 2678068778 4102005019
                                       117116903 2822136184 1212191159
                                       2474557426 1612382740 3456404317
                                       1605748043 3957031093 2392326611
                                       3845279490 139773612 3631918764 24572373
                                       1289605041 2192257159 3459171165
                                       1426308649 165577597 2093130206
                                       596133033 2259772459 3865133759
                                       2148061248 2442412219 1145094658
                                       813908529 466199318 3672068878
                                       3313894072 887747825 119136085
                                       1060920747 503418638 531263981
                                       2565822187 2633826543 544378899
                                       1550107757 49281081 3012577682
                                       1728833100 2380408481 3203345165
                                       3278534226 1233064253 1220449650
                                       93139817 3248568678 2427711926
                                       1119620740 597055348 3852138290
                                       2537004384 41833187 3101810930
                                       3181177318 2977776364 2651860936
                                       3310074947 889732754 1218625542
                                       3230474395 2691499625 2529731795
                                       562433017 1263167206 1149900342
                                       3473805732 1834866825 220716572
                                       3522197943 3758476543 2862536996
                                       372332258 3335542204 1661136675
                                       1480011749 519673139 940031776 371767435
                                       399856596 4094632269 2987808302
                                       4242228300 3034474288 3847668119
                                       1168880392 3394214642 19713209
                                       3605823118 2448939280 1708103005
                                       294353875 891724435 579323351 894898115
                                       1382044321 540250553 2243328657
                                       1529028022 1993910096 3028319383
                                       1130178363 841615170 1775772664
                                       3822030448 3948693144 2409968854
                                       4125845866 3211251737 3906601486
                                       3976199351 1991813119 1057506987
                                       983846526 1557292760 2930995290
                                       3844340683 3636456252 4035259772
                                       1746497548 3560863216 3724621077
                                       4035289157 420771684 3955520042
                                       3818791160 1070443189 4128560975
                                       3810836226 2678067459 4132100853
                                       2419694662 4082257329 2775607582
                                       911521982 2522031634 2976633367
                                       402002615 2001349863 2185248700
                                       732696707 638683531 468826145 1644265611
                                       219500080 2533046939 1276679808
                                       3923017255 1307579410 3607477205
                                       1169749426 2004880603 1534027378
                                       3537318983 3421184806 3241585413
                                       1444059246 2500156945 2197867315
                                       4102037290 3557004868 3438601412
                                       2713169621 4102231217 1853035508
                                       2113544565 3852731960 3708274560
                                       3861339242 3853497732 915875640
                                       4017477578 2621145359 1214135633
                                       1876443724 1407850549 4030155005
                                       993612165 2259200884 605085115 478136693
                                       612143875 1591046486 3040092885
                                       1839811136 3250723445 2187099166
                                       3387874749 1704264486 947410530
                                       3667302308 2107268876 1276454328
                                       1310254397 1644134214 3794722777
                                       1330683533 1909945896 1704173515
                                       4005317755 3961568321 2145862146
                                       2892699863 1322072146 2143896100
                                       4242582453 770278940 1940364257
                                       1867051817 2861600064 2644772590
                                       153180768 20934967 2659665346 1345914526
                                       1075317794 862156037 2732866771
                                       2021894072 840065955 2707288785
                                       343358476 3242764975 1274216143
                                       3231096672 3224578101 1503345967
                                       2009658249 2291062209 1757574785
                                       2251323775 1727308168 2940166114
                                       3995988288 3511199704 38822689
                                       1153708897 76907654 3108591708 550404665
                                       3089289492 2360910852 248804741
                                       107919514 2108358212 3351319731
                                       3589159392 3862776281 2211614695
                                       335796504 30780028 3703398843 1790492104
                                       1589404860 1538401959 976027084
                                       3788036061 1859697075 2852870822
                                       1632989935 863214109 3812897481
                                       2550713081 1433262705 1761388904
                                       3493140392 1402603841 1595052516
                                       3589469486 492803553 252080156
                                       3788333126 3325148411 3644609364
                                       992173641 1130276694 45281513 3376479319
                                       3883637650 2219184009 1537185239
                                       733904573 1474330319 88060361
                                       2550560827)))