#S(RANDOM-STATE :STATE #.(MAKE-ARRAY 627 :ELEMENT-TYPE '(UNSIGNED-BYTE 32)
                                     :INITIAL-CONTENTS
                                     '(0 2567483615 100 131591426 4177025462
                                       2147677423 3973735908 661337249
                                       2512214967 360035789 2775216865
                                       2439787747 3813645271 3234212659
                                       2142589200 3696508828 777325198 4986817
                                       255020144 1943798082 1861212120
                                       502497293 3392065456 507411017
                                       1215651523 2093122348 2178377706
                                       620555722 2684747504 2675784536
                                       619448727 1525880235 3004056786
                                       1797258227 1830957921 1324143777
                                       170278431 2500975969 3254179511
                                       2662591002 1305955679 1182264129
                                       2027074306 1272543434 1950779579
                                       3836303602 2104376195 1026233919
                                       2960655899 4190604401 32359586
                                       3244355213 2468380728 2293606390
                                       1660100083 1139103640 1315385930
                                       1850111387 3709936228 975622709
                                       2574978218 471784440 222540179
                                       1901156054 2363878796 3199031482
                                       1930823910 426665535 248102271
                                       3968465420 911953045 3435568341
                                       4242574503 913003904 1478861285
                                       2385469522 4013753967 2624705778
                                       1812721608 820613969 911621721 38777452
                                       482199265 4294314969 3353079895
                                       3505019791 2353617983 2845349389
                                       3737316663 1150528107 597056117
                                       3131497637 2212255733 1964652760
                                       1620001680 3847370004 4048793598
                                       1412528922 4203401970 524745038
                                       1174652776 4005713022 596636057
                                       2873745016 2061559812 3343445826
                                       1749603332 428801665 4027711015
                                       2296051406 2528255326 3412322177
                                       2025112942 1238425405 3631321970
                                       554190499 3753915725 243928919 914148383
                                       1591181055 2215305249 3948359046
                                       4062631453 913031819 1774048766
                                       2684298485 3072231972 152280504
                                       2741233389 3286005431 3431765172
                                       2061466721 1553933539 2019536470
                                       1262935272 1339595748 3110873927
                                       2130898178 511480459 3192761715
                                       1768218532 2451974640 374769060
                                       138627576 2771708866 3600122957
                                       2534524218 298900861 857019219
                                       3697085926 2570145641 1406164516
                                       1245965717 3174367958 1598876350
                                       2055972818 3696795354 2170661711
                                       325506156 4047656328 3816930249
                                       2369386960 3021502329 1892630879
                                       2972617852 34811812 4145019612
                                       1636516154 2902399309 3217207752
                                       2395692780 3646092521 2811429098
                                       1507054358 314141040 3670307015
                                       1532628949 3868701575 289484763
                                       2209087182 1011009610 1453104556
                                       3319700810 2235113369 3715845817
                                       2122159912 1482637794 2908668648
                                       4204023142 4045732498 496607050
                                       1500694123 223212871 3489612802
                                       3181957886 129622486 2581287965
                                       3242759990 3117290098 3531621059
                                       1336525983 1512203072 1657181882
                                       2892295394 4090714314 3452804066
                                       953814256 1675683810 3717192012
                                       2557549543 2345843245 829911806
                                       953904424 1331753072 2404702191
                                       2881181143 2455528858 4174144397
                                       3366669177 513050157 3896579355
                                       2290186959 1971840964 4281334156
                                       4078452842 1381312686 1414340693
                                       350231704 2288704018 2863454329
                                       378252117 585406428 1577277174
                                       3364699669 2026395015 4050273017
                                       3611799759 2252668909 2792246840
                                       3653636735 617034678 620332275
                                       3032511155 3289276771 2788900551
                                       3311607843 2807966563 512665981
                                       321631289 1778195713 3154211570
                                       4113370865 2954606845 201922718
                                       3254596551 1357398321 2578009819
                                       1048738086 2719734067 250713030
                                       579160047 3622194921 242021194
                                       3351653354 2222225387 2460981016
                                       1463175926 3228128201 3468939900
                                       1483906607 758745516 658025532
                                       1240680750 3284710763 1835644678
                                       3294997648 2346066374 6379729 4142351898
                                       2226304094 1417838594 1654576968
                                       1895754200 1535553914 3900845775
                                       155670031 3817664116 2681172774
                                       741909501 1364797412 1888783903
                                       2401785753 2605618891 4227623128
                                       982892761 2960641104 3863519082
                                       2316754954 1565086665 3737456214
                                       694217009 1408148355 3938477131
                                       2641375530 3144733836 3472542254
                                       38353196 2778837280 1315243964 968055677
                                       683478146 2266657924 299767411
                                       1143145687 2927312724 3287459052
                                       3099812704 261162712 678890061
                                       2935257454 3477923357 61599026 770539510
                                       3294182631 2004221763 268285682
                                       4199766312 1757831304 4262880032
                                       1788407015 3566412776 2806927278
                                       1766418445 3022888472 274546525
                                       207896223 3240712990 3401305772
                                       1798239839 4015900850 2323653942
                                       2353951403 2763617268 178664243
                                       3599874939 1459690223 2427079970
                                       2599827398 3505368239 2063475250
                                       1045936523 773725557 4058125502
                                       3864440694 586569032 4092128736
                                       2416204599 369315982 135992448
                                       2002257955 464293040 1076980970
                                       2932360072 2946309048 1077561814
                                       1259453226 203672961 4120067555
                                       1164767174 2273878423 3778728186
                                       154213841 2229717458 3572482331
                                       1136501218 1039595597 388378178
                                       1012663595 1362336383 3112171155
                                       3215520375 1977027591 1096418458
                                       1216383719 2460107425 3646888645
                                       253345108 2319315803 2302530765
                                       3258859402 1850266871 4171685632
                                       2497652055 1866757160 2200779229
                                       684525378 1087897849 320702787
                                       2709239889 3175051366 1538823866
                                       4093593040 3278293779 9818418 4270756537
                                       3449323902 1450138571 3421475750
                                       1908324399 3804872632 2985783978
                                       1187569466 1257102275 3103761551
                                       4040181008 1120556826 548229764
                                       2616676222 1970603702 2806863779
                                       2947995672 1098922089 2370457476
                                       2814273585 2160289801 746497571
                                       3491501800 4128172571 3251130990
                                       2455063637 2521246706 964968164
                                       2066671255 167172447 3159821109
                                       627881116 1746201111 253014213
                                       1011767537 3227707767 2539097755
                                       3292053933 1433171975 83947424
                                       1541818087 2747504460 3591141300
                                       784916244 129822005 2787017003 512770405
                                       3697554156 941417817 3561945887
                                       503931364 522951412 1727834166 924215968
                                       3806357094 2572616441 1572838102
                                       1198869456 1292755847 1394483584
                                       2022501125 839055129 819316914
                                       1646305495 3143347618 2547290825
                                       1969810476 265690500 2861855261
                                       336110356 3003013602 84510678 2825388329
                                       354264814 1991677698 2816149171
                                       1728570482 182970431 1489115263
                                       2877325274 1813562342 1107518792
                                       2148620114 1469775494 3857448399
                                       2154248553 97480773 3616203615
                                       4141258827 1535318217 1445115297
                                       2050818672 1409249120 1149552757
                                       4237095711 3747484567 3298894493
                                       1112441685 125514262 608762036
                                       1957438307 635213975 1470318774
                                       347674407 646148956 3088490805
                                       1264868144 2002488952 3514788581
                                       2526303396 2977107068 1556687383
                                       1023629669 3710427724 3325780036
                                       1663910011 891058108 338838070
                                       2133116580 544919928 1349844856
                                       532497436 1298397178 613876960
                                       2780399930 2989965513 3312119552
                                       934551060 1818114818 1583483641
                                       1991551712 106495962 990826981
                                       1481491708 3924550618 2656222820
                                       2626322676 2848875741 2108635599
                                       661285080 3204826283 2105448319
                                       629950434 3942896686 1459791696
                                       2750818387 294398545 1698130110
                                       408276543 1600442798 3843241398
                                       3959379927 2535957022 3688639174
                                       1864484695 2803892873 2146048702
                                       226154978 2734481698 3669124977
                                       138875652 3319711880 2465964269
                                       1399425566 2066175350 583527653
                                       1351285156 3140426505 2515735971
                                       4022945286 1421920713 871373296
                                       3690194881 107135770 3634753150
                                       4242204675 3191482603 1243757849
                                       795428914 189691125 217280336 308458813
                                       1811016103 169753632 2529782677
                                       1289819509 3252411938 4239416370
                                       2253848686 3642596346 4107885432
                                       45659296 2854293815 3029741914
                                       1023355113 528648057 1125232862
                                       1556519945 965336190 651332175
                                       3509331566 2640012034 2828076128
                                       101994826 1530741905 250418643
                                       3318918785 3066346290 2490397183
                                       3340123335 292775287 1568781737
                                       1164211112 816032576 4283890085
                                       3173317687 3653097663 2960648751
                                       1151576738 770982556 3258111556
                                       1942986580 4275341031)))