#S(RANDOM-STATE :STATE #.(MAKE-ARRAY 627 :ELEMENT-TYPE '(UNSIGNED-BYTE 32)
                                     :INITIAL-CONTENTS
                                     '(0 2567483615 207 145981017 2388663346
                                       1281758785 1367362500 1678862451
                                       474795419 2705579946 48163853 3503358342
                                       411366136 2592834365 209058406
                                       2565682780 2511365716 2944113889
                                       2456130776 2788535767 447491898 61245337
                                       2965795519 3324411503 3374883298
                                       2206701773 205217248 4239855328
                                       1455405350 3523093943 2129626353
                                       3320660825 2266451677 1327072481
                                       3318776973 1459163161 1416448429
                                       1383733711 772824162 3598343285
                                       3228263920 4261365750 2746468620
                                       43778982 184672986 4103680283 4132383397
                                       569709308 3589734520 2670054160
                                       1058065509 183137718 2078611852
                                       1343734668 435087621 3993777583
                                       525532223 2359564520 300483021
                                       1353201769 1935360688 577375263
                                       2566738331 2324607318 1007439151
                                       3321932640 2637139142 60415102 8373676
                                       4274270351 1988976415 1565314156
                                       1256997846 2389459016 1245855174
                                       1130245957 660421762 2393250028
                                       761416027 2128192849 1451983392
                                       3586051505 2813508172 1203334540
                                       260982311 3878635215 3141155516
                                       2189205161 2991030318 3885628879
                                       2159984713 1903423696 2506575570
                                       2930363907 726347156 1988437010
                                       3708734400 3187535135 1972288421
                                       278538015 326857303 951006754 3107321046
                                       392730457 2964199389 691259448
                                       2445393758 4224579814 1814301059
                                       218424402 2087510134 4247507683
                                       3658651801 1860231150 2975404899
                                       219664033 3328826390 2316860917
                                       2535367472 3588972846 2254753299
                                       2913016308 2980215393 2936190022
                                       2160451233 830305123 3889866299
                                       1340436136 2613040200 1332134500
                                       295898544 2595002814 3558877185
                                       1728141494 3676748722 3718594395
                                       2743487901 1872005326 386366085
                                       3333485218 132819808 2905303751
                                       4243624662 2250339118 4076122149
                                       1748389588 1856453288 2159676418
                                       2476260914 1579399761 3179391325
                                       3611157439 3415112331 3446420442
                                       1529927985 3278148310 3095551358
                                       3549244654 729654848 1933624044
                                       2043992424 1480660894 851538443
                                       659028171 533997397 4160638475
                                       1240657620 6594101 1965551719 3747636204
                                       1090378995 2603560518 3402371404
                                       128071467 694757047 1311626338 334534449
                                       3601213174 443019119 882031555
                                       2432436605 3214331702 3877709235
                                       3395044226 2590753103 1490168413
                                       246486985 457487566 700409425 2635395620
                                       1060963363 2038077115 103897485
                                       1679190893 67252769 1047670494
                                       1729825695 894562269 1244387636
                                       2555533344 2947572969 3497384159
                                       2011861768 944065851 2104648856
                                       3458451945 3714684797 1264037837
                                       135096177 2193562300 634352367
                                       3389428784 390455053 1368459754
                                       3831080194 2493987866 4021377176
                                       3723004392 4119191994 171344790
                                       808476488 1814271578 3324710180
                                       1758521253 3446846075 4177799541
                                       2764956376 3677278026 693902063
                                       2483239486 2900942942 997828965
                                       2444317471 3231668932 3650412697
                                       2525991528 1792369155 3852518484
                                       2811098282 2208824975 2042644749
                                       975783765 1060571240 2613207439
                                       3277209314 944331124 3308328086
                                       3807930084 1059749483 3191527983
                                       3780857988 638902573 2093869987
                                       3500031136 253948746 193932180 726249286
                                       1137005010 1446104615 2507541647
                                       1887348472 4262401559 1758661988
                                       1085399507 822986720 1389511199
                                       2704923825 2069539992 3502132810
                                       3180466507 2808980396 2314711498
                                       2882928144 1845831344 3568458867
                                       531988030 1695843306 460283742
                                       3159383850 3016441757 53650649
                                       2498357639 2207964438 1135543468
                                       1829835427 49779371 4252821688
                                       2093101559 2987559814 1170002145
                                       2282068883 1658815866 3583580617
                                       2544528276 1853892139 2762020107
                                       1734238866 1836846230 2532685221
                                       2671353278 2255158276 2895446275
                                       1117042319 3500345032 1883913530
                                       675016042 93214064 3317222770 2278354693
                                       1229088783 4100566256 2085729115
                                       947249940 3141315978 1727036581
                                       2297869386 2397357689 2339948029
                                       3893700928 3743301472 493826032
                                       1349479543 2286450555 1782486058
                                       621259633 4129471533 1898357808
                                       1840777703 3410502403 1839877785
                                       1451841397 3247829868 2356573801
                                       23027003 2877041742 86431198 1820287914
                                       1804623492 199305489 3703981467
                                       1824380199 350199178 2062483155
                                       1391271402 3162242239 1324526888
                                       40952633 63836054 2504899730 4224750376
                                       3347335888 2049395688 2993362281
                                       724366363 1568377560 3992647987
                                       2134718992 2471703492 949819361
                                       3176720244 2931440503 2576792315
                                       1124707254 929775923 1812238021
                                       3888580028 3917338174 250685304
                                       2820562517 2742251856 3193394360
                                       676734663 3855576687 2143265727
                                       1783546992 4220420205 1674910221
                                       4267612630 457420837 587613681
                                       1820438265 3746557800 3522651913
                                       1437225274 580181496 373193248 177918415
                                       901797164 2506860574 1254895607
                                       3198384773 1802499777 817882226
                                       895966575 1972192148 3657652569
                                       3626106787 3163877630 4116796215
                                       1256065587 1771831837 2129142764
                                       1006679670 268192731 2159646043
                                       1076079007 2768006394 3093117368
                                       2668854771 3170567608 3679054404
                                       1561147263 127615017 23486811 4254977634
                                       2731528502 357223254 2094273537
                                       3782355319 1553839556 949639496
                                       3077950194 2330178108 3658748470
                                       3386841789 2715130672 3770626228
                                       4183333767 3692079614 2891360623
                                       3606767989 970233610 1505924489
                                       1268401815 3132621655 1996183868
                                       1467993054 3937325947 1758738362
                                       2271438628 1262118027 533154289
                                       1362731058 2826145151 1375361963
                                       2207690943 368598263 2821927711
                                       3542815095 2441044781 3719773742
                                       2974791750 1498119159 2510809631
                                       345640503 3398559806 1537376175
                                       3634838596 1483852368 1886160641
                                       2871927720 2685202845 3605272102
                                       2352966159 2285884037 3931429401
                                       1245146441 896316641 3731460310
                                       1795703280 986826734 161391367
                                       2797110118 2170476405 174660282
                                       4239913026 1695256651 1618969930
                                       2382250636 564293777 2314128637
                                       1124491121 2908315757 4513597 628753942
                                       3034013417 166951534 4194131290
                                       2070532416 4195766656 3930050937
                                       1371537960 1224051456 4022345144
                                       2754107580 1370106864 1022763689
                                       2676427477 1895388338 527518191
                                       2267066487 2624361435 74488203
                                       2395183231 3141223094 2338670721
                                       962168496 1300620532 2289436283
                                       1152042402 1556772598 1246130768
                                       1899560052 4180070196 612045436
                                       3778237440 244485296 2443628365
                                       1091408940 3357631861 736394714
                                       3201717878 3333449945 430323945
                                       3102032461 3846447546 3513131462
                                       4243065240 1401472346 3655030443
                                       2204037176 1537484062 96983383 805831645
                                       2385333874 1487072832 3048756150
                                       3635400697 2135885529 2630635779
                                       526674584 2820273725 2598256684
                                       2145397407 1950144093 2443173587
                                       2547254248 1363170876 2929582746
                                       458008037 555212816 3517294828 685012133
                                       429725567 2323791054 3577181664
                                       246533813 1396912398 622007818 296367260
                                       1961736761 517202134 22282480 2214916530
                                       435999510 2481876291 2971839181
                                       2120075136 578586111 998177710
                                       1100847850 1672650032 578405351
                                       1296721662 2148983641 2816829353
                                       2212802125 2258440001 2092659580
                                       188988157 1497296410 1786683782
                                       1334800657 3883756485 3373934432
                                       743036273 2354849375 2841601481
                                       4202933244 338882131 1040240239
                                       1964755443 399201569 2218018036
                                       3745363592 2154792637 2731985595
                                       646186302 1988176782 213950242
                                       1060461112 1548538002 3412031650
                                       1253923866 3558607492 472105455
                                       1125701557 3923837471 798066913
                                       1573152278 1060671244 4195130822
                                       2210307964 3735315713 39103309 891902246
                                       1847994425 3132526614 2723490715
                                       945028900 1822203987 3842899695
                                       4036697869 219258033 1567116675
                                       3852748896 3616474560)))