#S(RANDOM-STATE :STATE #.(MAKE-ARRAY 627 :ELEMENT-TYPE '(UNSIGNED-BYTE 32)
                                     :INITIAL-CONTENTS
                                     '(0 2567483615 168 327945156 3230698126
                                       332911072 4122867482 1366588670
                                       1356682035 3141462333 982795096
                                       3728129189 2398243287 115732514
                                       4097567450 2816782560 2020158670
                                       3722899392 1977173621 2434582511
                                       2004297710 1343418046 2563346853
                                       3507188294 1195243581 35468783
                                       2091684943 4009596360 4122258105
                                       3237081119 3718161743 3672147178
                                       3852527121 4161357259 1014903914
                                       3879163187 915414011 3988061031
                                       3298540488 3595826080 3315575402
                                       3933342110 2507856856 2859898250
                                       487665552 2203776783 807751198
                                       1318077389 1451213367 1438345931
                                       3351689178 770843903 2817610144
                                       1401691589 2338811067 3702278928
                                       1056993734 1852065705 3389330578
                                       2786663828 759762487 3429946419
                                       868241990 1243761304 1143890614
                                       4165402978 2132288109 1237752560
                                       1718102607 1388194078 1121921913
                                       1447450525 2228937846 1818544846
                                       2025428123 892940239 3183660935
                                       765695268 3096664244 544955480
                                       1674786738 2254523440 834999253
                                       3273498250 3229952920 3475754728
                                       4108219866 1902411601 3867203541
                                       3534396598 3995884452 3809709479
                                       1171081240 1215940877 399603111
                                       1007643899 1320203011 3181835663
                                       2039357497 3612651596 2427430848 5953250
                                       3611248999 1661168081 3925125134
                                       3582881991 424459050 1800324052
                                       2704419051 3757115585 2154252808
                                       99152683 3564962745 3517755135 371806153
                                       3381179718 491656268 3858141810
                                       2486546952 2691975081 2851748713
                                       3174396843 3197058777 3295341960
                                       2314851821 3869747946 377799161
                                       3604722675 1466933555 1538138304
                                       1483145692 3261507018 583488010
                                       3090512123 1427648483 3446987911
                                       376644229 550542978 3703877552
                                       1973579499 766525761 1966696517
                                       2337472406 1229147272 1918482076
                                       3039571640 48480640 2933719683
                                       1666736983 3469389884 1972036282
                                       2740976382 3336448153 2681376133
                                       4159265152 1114862095 3115317858
                                       1288986384 1197925960 210546857
                                       609017295 2047406484 4006939231
                                       1587580449 3660687818 3799667440
                                       316204753 1119180293 123776382
                                       4032737480 452382857 2717894202
                                       196447597 1003885706 1028118356
                                       2435607705 2747301341 880039915
                                       529779426 1354360353 3632834002
                                       349369268 485687189 876653818 3246836969
                                       387917909 371041208 1574737616
                                       1358417361 2411274426 1203249330
                                       2146084968 3927707749 4020938260
                                       1242034726 4068980324 279417249
                                       2896067149 1793049689 770339137
                                       2382351204 1375099399 606829487
                                       2987291532 1845362312 2877953346
                                       947310229 2850435876 2351315111
                                       686251379 416791829 150367335 2774744998
                                       2522538591 1717401888 1262291781
                                       3961268007 1321153201 4256385209
                                       4167943021 2966817743 2374545658
                                       2463044531 1271206339 1381073059
                                       1409885999 3995054224 2559241272
                                       625316424 998067877 1976994098
                                       3410533036 3076201899 426492194
                                       2885130220 3680981542 769550762
                                       1343119737 20781127 1073051229 201602976
                                       3899044570 1176346488 4096599687
                                       433181402 1634359913 3338987017
                                       492194857 1406259547 2942406627
                                       2460879935 1069167277 4201909561
                                       3772650696 2118292414 478131825
                                       104334976 3204249084 2234215330
                                       3333639901 2464641947 4284306289
                                       2015183289 792243915 1594523998
                                       622083667 3195616644 750546357
                                       1260222841 1107194636 4268864618
                                       1164341241 3791153177 1195719600
                                       3071731799 3517493439 3134142191
                                       201941335 2622356180 1065595551
                                       1558595585 408469813 2807760323
                                       2731644397 4015724415 2233055611
                                       2984991168 129936039 66048929 3005394047
                                       2029442348 3599223326 1050517704
                                       1833079836 3691716366 1555451988
                                       2334148191 2441694807 2094470756
                                       221759043 4285882700 2016818561
                                       3253865340 3208561759 469296235
                                       356719503 3933508860 3282769168
                                       187193132 3979554525 3293762249
                                       1537636322 2455468847 1394157767
                                       1902304562 3872084260 2792595582
                                       2520589799 3936539367 456654028
                                       4096455888 1367937161 366328013
                                       897433786 1909878420 3883366396
                                       1150394267 1208776840 2849868203
                                       2394863904 1769170871 2714173850
                                       563139499 3586117594 3246326385
                                       3302163458 3387959123 479419731
                                       3367381242 1955411964 297584820
                                       894985779 3833475720 2377198582
                                       1111071900 2934493275 924367534
                                       376953696 3770421782 2913668532
                                       2794624610 3503853647 1969844090
                                       1911342093 639659038 1207985084
                                       3753649333 2798612411 792831308
                                       2819386920 934827727 3378935144
                                       1596565739 1705134269 3209092143
                                       3829466444 1154045068 1904450989
                                       538238737 1984583489 905060977
                                       1556057180 1023514500 2568496234
                                       2682232726 2038506865 1553594236
                                       2824440857 798648792 207562905 779385424
                                       2191981160 2130587535 952598446
                                       2541014217 3306032299 2948941935
                                       710054030 1905584492 2686717026
                                       2248814853 1990725363 1447861735
                                       3504872368 1332093008 1635925905
                                       2518229879 3147918401 1418227722
                                       759208883 2326932640 2837458231 91942734
                                       1019874089 3652765843 2822991235
                                       1908057076 134110165 1283896012
                                       3227860374 3410472140 2223989137
                                       4164309655 726020847 631579793
                                       3839073880 2537142934 328113619
                                       2709204499 531531115 1517694771
                                       4173045678 2877682829 3103101016
                                       508863859 1566068468 1867505718
                                       3079936420 665300458 1501226808
                                       4287276197 3226562944 4734145 2027979897
                                       637537306 1709310220 4024521435
                                       2459630111 2625675937 3657266396
                                       2474312765 4115445352 776100969
                                       630841708 3835289705 1970219892
                                       594793642 3020156085 3532475336
                                       1709184714 29171018 2887626584 309650858
                                       571517375 245176579 598618527 1499866458
                                       1815974373 3360948901 250712822
                                       1497972950 285648233 1316361317
                                       2668224413 662399864 123091468
                                       1537397077 2872691516 4282116698
                                       2377046433 3161133622 2613678107
                                       3991423465 3522096445 3699235575
                                       4140944619 441638670 772627826
                                       1009948980 3955142748 1484499678
                                       3623852370 4000639356 1485491303
                                       400094854 3448224186 1522949853
                                       3314061853 554874686 2816621060
                                       139457390 3051765080 1451221098
                                       1063659319 1014022952 628993265
                                       1192243774 1525495251 3250073852
                                       3566795589 2971497529 4049754621
                                       914513501 618873566 4064767654
                                       3533616883 4251548670 3440285618
                                       3308866977 3550573927 866374281
                                       182889131 4086890695 1369102225
                                       2256671857 1193917664 2436137961
                                       3555279601 4154443703 965905350
                                       1206118024 3369521256 3594383019
                                       2157318031 3489821987 3892062551
                                       2531961711 3956615934 3798919738
                                       3415162919 4225292194 708065072
                                       1049789650 3325053391 1123678348
                                       1738855304 974897639 2964072651
                                       3758369742 144079705 1704927377
                                       2509932354 2154904821 3358368499
                                       677585286 530114168 2625220654
                                       3515031519 3434891632 446853220
                                       3655842346 1813525185 1197060979
                                       685184630 3877200222 1987023262
                                       1092127956 1345946953 1265986816
                                       870063590 431600540 3237239855
                                       3431652746 108201929 528495642
                                       1257850455 362837598 3261372079
                                       465344985 90535032 1241300278 2776064387
                                       799644879 1972149884 2270709581
                                       3657166594 1943391927 4205497758
                                       1100423258 3122088953 1145514282
                                       3822843202 2885970381 1250448950
                                       3689510865 132466840 1274369386
                                       1107871335 318162567 4002768765 2096428
                                       1347235057 3733389917 3847932616
                                       1897839686 327328932 2563850678
                                       2012647641 4071201775 2645263713
                                       3567848339 2776801660 705995740
                                       851604143 609414179 3418162812
                                       4235444942 4239899487 2493169673
                                       1310513942 3599223910 3298927156
                                       2714276976 72558305 3895107129
                                       1359277787 3670638296 203780959
                                       3670690074 1636742153 2827862494
                                       1978781822 2073917454 2378474374
                                       346197207 2896179525 612802129)))