#S(RANDOM-STATE :STATE #.(MAKE-ARRAY 627 :ELEMENT-TYPE '(UNSIGNED-BYTE 32)
                                     :INITIAL-CONTENTS
                                     '(0 2567483615 528 1940562660 2962106889
                                       1242873118 2920090101 1406333123
                                       101366811 3717258183 3757801054
                                       777462680 607213549 3564491705
                                       2521705051 2960327649 3432817779
                                       576276594 3840713185 2770685507
                                       3997376138 1404703268 1023648456
                                       689901867 983665343 1415782176
                                       3271329071 3787573981 3885817319
                                       1906193889 719445041 187867130
                                       1924890978 3072227828 3513251148
                                       3100513023 1461159375 3470638151
                                       2930328159 3397688867 1150978885
                                       901663335 3145552130 2851837274
                                       2369156113 2296827775 2736760708
                                       370215015 2093195931 1012013744 52264778
                                       2882183133 3543732086 1871094676
                                       1882546072 3263650076 168304737
                                       1871053462 264256810 1106622379
                                       2057732351 820406635 4212317216
                                       3331493415 2938607853 675953579
                                       2296467655 3856446268 2436763495
                                       1158193920 492243214 375551025 901175845
                                       144162814 738738449 2763484130 889547143
                                       2742642152 995318787 2800540036
                                       3754452542 222352568 1284853495
                                       3277906137 3465414334 249688576
                                       1272620533 1976826354 228945765
                                       1481459478 912324081 139911478 99378015
                                       3140520683 2431060647 1377469202
                                       2845270357 250666656 3538493243
                                       182509899 1057201888 693226279
                                       3599236194 549286143 1479132984
                                       403092883 3679739238 2544114175
                                       1738889226 262887565 3367068627
                                       805423934 1972509730 2850397274
                                       3611851323 2820802550 1762696080
                                       4133743478 4007635724 877844905
                                       2855449476 57757406 698442313 1968064263
                                       1395736164 3953330656 1263948769
                                       831673135 1960578024 1303844301
                                       1301653222 976073932 3579060114
                                       202541579 2743954340 1122680774
                                       1566565811 1497699113 2359918416
                                       4191360003 2385906649 304062540
                                       2013895306 2362058279 2924311873
                                       4040703761 2341736857 2464321970
                                       2852513061 2971425365 3478692719
                                       1400052882 2406203145 3159252617
                                       1030198866 3332545537 983065608 25816626
                                       1910970140 2401419283 2184559115
                                       692700019 2675916424 3496838767
                                       2827327753 482319371 2999671564
                                       784262839 3212360654 4225152972
                                       3581595039 3420511409 4105661135
                                       2478482288 3214467648 3020832553
                                       2299953493 2777142216 2821715829
                                       769264350 4190311180 355019073 543471579
                                       3517477379 1127894101 1804254726
                                       4043781959 1201689164 267242712
                                       2478013735 2749671057 418391171
                                       3975380376 1280456159 2937987370
                                       951224391 4214830647 1154254721 83836323
                                       3611275796 929217397 3708798783
                                       4143165858 2588895529 2661210496
                                       1556662545 1142252006 4049361279
                                       2051395205 2512418855 1930433768
                                       1531739385 1048227805 1531725092
                                       1755772246 3253225953 1442783285
                                       3193966942 2511635549 3856916117
                                       4274670684 2106759012 1820994466
                                       2148801944 4001243542 3337651289
                                       744148136 596440750 2361065509 252006086
                                       3147132893 2298925088 1792098894
                                       2897982870 4157050519 2449313241
                                       2309824277 1290885125 3050667116
                                       1183176587 390371400 3317717485
                                       2497566160 1651130851 2629713912
                                       3111943732 2694223676 3004468754 22368
                                       3608278826 2454724630 3723704424
                                       4114523726 783065211 4066101359
                                       2758271423 1034339041 1912004855
                                       1026843122 3359302214 703919305
                                       773945023 2224395810 821050059
                                       2250641224 379449973 2115950501
                                       3874701567 1816213617 3898170217
                                       318626164 3352250190 490939888 699284429
                                       1467714260 3389347293 3752915920
                                       12794382 3135242697 1310775919
                                       1274150883 1929317416 3015760374
                                       839245813 2728737683 701417123
                                       1678556861 1915774540 455837693
                                       3541833313 4289164537 2685298476
                                       1656599834 4184810386 631037274
                                       3359309446 4022140496 3040697374
                                       879849985 3534228391 3452786287
                                       2739656652 1415195039 2244181122
                                       865780075 3345779699 2461544954
                                       4142704102 365430761 4285070425
                                       3544668526 1707691511 2536100891
                                       2510870458 237398557 3947820843
                                       2716723479 1901527899 2168445939
                                       2840933244 851284373 1890012876
                                       2335792895 1167965568 3979586461
                                       2269770230 24376351 1698407136 25277724
                                       84745412 3691201541 2841413109
                                       3044510757 243485119 3144354146
                                       313047116 2415349008 3465908349
                                       3159982255 1151319832 2817222908
                                       3938137526 3910971269 3513393548
                                       3702018600 2233649813 641759441
                                       2578449643 2651759896 2232447162
                                       1440128599 2566748307 3142754739
                                       3506467171 267165430 3582963062
                                       3659329612 2266541100 3842109325
                                       2200156814 1033882760 2150658883
                                       1788040165 1375892298 1783229467
                                       1604376647 1841749356 3992349796
                                       637312561 2557949101 2215381961
                                       3364557377 3020591426 1794060 2579116894
                                       2680798965 3136074099 2611398615
                                       2814865893 3737881318 1550426198
                                       2275008071 1907219324 1695200880
                                       2338646035 3881839254 2094117974
                                       566207924 1720541769 755590712 144110349
                                       734011428 813079061 3895967189
                                       3353299395 4261244883 2125570504
                                       2971256004 1543755864 4191457955
                                       1905810420 377880901 3048953801
                                       2882196292 884350348 328484639
                                       1721400399 2192124878 2011385008
                                       1929725968 1653040845 2950853718
                                       3311145277 2642329634 1651691659
                                       2861965701 1889507130 3623051409
                                       2537643460 3226703980 1588620146
                                       3335354389 3215321651 1004233231
                                       287369697 1175284168 3184844780
                                       3303995671 3426707498 1321510774
                                       4009421720 3148946133 1179680649
                                       4190236973 2772654507 3219640063
                                       3464894009 108717618 2751649845
                                       301808188 4407797 648517267 1883299576
                                       1331244981 900270962 1089335856
                                       3023051254 1541947711 1934595629
                                       735811804 520056246 2352415669
                                       2836623547 2453506694 4174830659
                                       219046280 1446708312 2300475014
                                       1070910179 3688496372 1746691164
                                       2174513044 1876190917 3695531332
                                       1553932987 1687769431 2197233060
                                       1653771617 1616666121 2584035208
                                       577396409 3282967437 2675412787
                                       3558171926 299833750 3241276839
                                       839844997 871415100 2511851735
                                       3633596843 4183932784 3680969131
                                       996298905 4227296080 2312938294
                                       3487323085 2214042738 3202807669
                                       1786558792 3048709545 4219522314
                                       3447746021 3786764949 1448549807
                                       2354460437 797007740 3943914813
                                       156320571 1962787247 1630712240
                                       1530124451 3324078095 4183476717
                                       74575715 3847197034 25266926 2012984494
                                       401254050 2303804298 2361043929
                                       1516910655 2389467074 3689697414
                                       809490579 3949414581 3515928935
                                       2322691490 838769673 3202310479
                                       981438385 2984932098 2306697392
                                       3921332800 812904762 1953102778
                                       4120874577 2485506164 921712536
                                       3421946918 2386191918 2745792620
                                       3195088884 1273831968 3204836710
                                       3721055784 1307543269 2912744667
                                       1959368383 40183338 3532645135
                                       4266263160 190613793 4273280987
                                       1605074568 2826316069 817004206
                                       1992519939 2643990258 529945842
                                       4237322002 4106573286 3721243618
                                       1378351027 2926818803 793099733
                                       2832417477 2220533538 3041052505
                                       1581755359 79690487 830364379 599011517
                                       3108890067 294736247 349294235 740079354
                                       2263995108 3904684356 1547691433
                                       2918942713 243180748 2868956393
                                       2055557743 3676607158 2588121158
                                       3302182246 2160859776 3997662537
                                       3139978481 1784497263 4124811554
                                       3661166205 4155162284 743327723
                                       3328197475 640408890 2641229404
                                       3258661732 3280639215 3279232074
                                       2675101076 538157467 702963870
                                       4248026410 285928299 3127831754
                                       673686558 2116825039 3622006730
                                       2579011406 2702260590 2463520118
                                       4019521090 3824360394 1766646531
                                       1624943146 2143414203 1455544467
                                       2983122324 4153078924 317341972
                                       3037843258 3194050594 4159153098
                                       3565675965 113559499 1355095057
                                       2105721821 2075023777 3100334283
                                       891598288 3032972937 2530492564
                                       628249389 701989563 2379882151
                                       2147599313)))