#S(RANDOM-STATE :STATE #.(MAKE-ARRAY 627 :ELEMENT-TYPE '(UNSIGNED-BYTE 32)
                                     :INITIAL-CONTENTS
                                     '(0 2567483615 358 3527724752 1173085653
                                       1854786402 1942607202 2953833842
                                       2742971911 1477701034 1765036185
                                       2387139860 1525915094 1841434994
                                       302703349 2354292505 383186996
                                       3377397735 3026459225 1810949044
                                       1704401645 1414782305 3210272357
                                       3039387263 931920803 4248608103
                                       3682567444 711060828 816178731
                                       4186610728 3269428421 4281195844
                                       3671690907 2081245943 405966261
                                       381385786 1531500571 793841132
                                       1147183729 3791731779 1612378742
                                       189133483 1390490399 4124764937
                                       970459483 2362755442 2533093332
                                       2390243311 1539681940 2400102055
                                       2100394862 329620841 802165056 337253076
                                       3389591337 454918001 3021161048
                                       3224991262 1232311636 4249274920
                                       1591693546 2198339708 1932873762
                                       154309255 2761366371 863960393
                                       1751135686 734191980 2888280717
                                       979168342 3574190396 2416044928
                                       1151690646 2682906276 2039254786
                                       1305818985 982600155 1125155966
                                       1921423937 1468681220 878835537
                                       981554014 1909680277 1064433853
                                       3920387694 3320384453 2072484488
                                       1083732199 3408731007 1314441079
                                       3893887919 808620884 3291252686
                                       2538522002 3100433416 3432346519
                                       50426713 2203612659 3817736823
                                       3670463617 1296600889 3907196693
                                       1596865956 1678580494 3402833626
                                       3394022272 293898548 1950835370
                                       564159624 435256649 3749841474
                                       4136971121 827011007 1388158320
                                       990799082 2470505490 1620668052
                                       1703377217 1166950120 21570123
                                       3221057438 840219111 3392450256
                                       1363240462 687397675 4258036223
                                       222818049 1119314789 409415456 438298794
                                       2547569758 1861797866 1404696719
                                       2293356934 3860070103 553743334
                                       3181607417 3357985956 1611298999
                                       2303078376 1172036823 2745131420
                                       2503788501 571565858 2812881587
                                       1842767920 1326658484 2373299193
                                       1014083396 536511980 2465818482
                                       2464793465 4204631819 3261179554
                                       4004190892 1263575878 1746071124
                                       983136035 2245641127 1928486593
                                       1802204474 2847170681 3160500742
                                       2173784014 4192530205 3257613117
                                       3839401708 1054660310 4019717195
                                       4225155133 2476881291 3715906596
                                       140232944 2279236111 3946745210
                                       3881328371 79824620 1113244616
                                       2531774716 327513106 1515563666
                                       4163380982 1230910926 1464160356
                                       2815373664 3298240704 4081224886
                                       2105772933 2585502284 275645433
                                       658521671 3760892701 4013291183
                                       3234380096 2526681178 897394776
                                       2867250709 2661034474 597713329
                                       3999861643 2921666089 1845859856
                                       2828110239 1403077857 324100233
                                       2809465110 3182823672 1969894947
                                       2205519129 191237489 3155369153
                                       3383580647 4007317551 2065723805
                                       246045495 3831715979 196484355
                                       4238028506 900302451 2734617340
                                       1337344773 1154365753 3987189135
                                       2117504408 1397470041 2434171372
                                       499371253 2830600952 2925326030
                                       3342502809 267056553 2507452601
                                       2173193758 1920319640 1243430307
                                       1049982573 947511229 2016048307
                                       2428163228 1356998911 2598497875
                                       3282606670 3756689186 2535826246
                                       450130286 1227235038 2846840552
                                       1215429185 3407492442 1992124551
                                       4038954335 1908066610 3402439880
                                       272878084 409173449 3621024373
                                       1900968923 1720827285 2531914447
                                       3624388651 2613932110 4026605321
                                       2354464724 1029318313 3077159334
                                       3335005479 2010460968 2513273504
                                       2388452290 2450276806 3018492667
                                       1337234002 3145933053 1926874610
                                       1471920530 2731740432 3094018533
                                       1357631902 2506759084 3153165383
                                       3738141090 3004010746 1169047630
                                       924913947 3608194158 594871262
                                       2348248085 772698903 2138853956
                                       3554563168 2989495070 2024696512
                                       880867313 3815259719 4270987018
                                       1762546470 200116900 3806275447
                                       2252039757 2668524294 581429140
                                       1104173346 3203922137 2577410168
                                       717819262 4059151108 1754740259
                                       3844224311 3038003025 3448914067
                                       174352901 3428951289 82076572 983937791
                                       2138498174 1315843021 1507611422
                                       3059345535 1772536485 1903745324
                                       1316691716 3002654321 471583656
                                       3100719001 3774309450 3733514498
                                       3515148146 1281749432 3230754117
                                       2030225351 2963812004 3731015189
                                       852868648 161578207 3144877989
                                       3509924154 2782838048 19649836
                                       3897029995 2940863651 556782910
                                       2810875108 1593890584 2456017529
                                       1162016006 2380801816 3497254804
                                       2510621604 2903278923 3429409098
                                       1722888411 4123844691 2463778812
                                       2126410745 4203267515 4055956644
                                       1814187443 3462717999 279129210
                                       4166242546 1545702724 2709731583
                                       2407014479 583066903 2818183870
                                       3816620177 2822535523 733886892
                                       1755178805 2731754352 1576380603
                                       269058381 1068432121 2588758888
                                       2366856194 796660360 2445663938
                                       2637731600 1120869638 910063330 46065448
                                       1107574884 766228329 427207244
                                       3965316003 3089003506 3990135891
                                       3433283316 2238148845 2604690470
                                       1874010619 1868477739 393343812
                                       631451357 474720713 198879215 3053227496
                                       3903000573 242940123 1326450159
                                       107035657 1695864433 3428765327
                                       2280238171 2417116205 322001643
                                       935490373 1982654136 723291465
                                       1538349926 649817958 1025824982
                                       2699739777 746180844 276374449
                                       4058919769 2304128173 1833332200
                                       1266803890 248393387 3333333127
                                       1849289086 3432779829 1044450779
                                       1159269475 3278497898 1969974171
                                       3500464101 2522948487 1716924838
                                       3373342364 2570848657 1115253112
                                       2743383706 1062101583 2959137384
                                       842833423 3484644661 1727094105
                                       3505030851 623323375 1617694721
                                       1180868876 2866352141 2809702801
                                       2459700219 2014438465 2811680734
                                       3431774241 3637741167 976325689
                                       1963424188 1885200977 4126296305
                                       2278001532 1837148662 427963941
                                       3879647574 3964866769 2894906172
                                       2575638925 2150955457 1403203472
                                       3616580483 968650079 2391933939
                                       3977969778 801949868 2813149512
                                       3473919786 197854957 3010770670
                                       1299630075 4050431494 1082238333
                                       2634078795 2234441745 3611785789
                                       3584264213 4133047914 4269041314
                                       4227157486 3308838789 3819931904
                                       3101165386 2032897142 2770214667
                                       2946628199 340943022 3489608967
                                       1450502045 209920298 562644468 186105449
                                       3506073509 64397276 1200073588 43750577
                                       940306335 1669518395 4053597232
                                       891954743 2718559544 2553580181
                                       1855709379 1955280819 1317496242
                                       3700214809 1038016419 3467040289
                                       360688152 862323434 3094996434
                                       2567635284 1889991804 3165204505
                                       3544052300 4165509144 2570279107
                                       3413894785 3528397594 2839428583
                                       2731225366 1765197020 869827559
                                       688448794 2376120606 2229724775
                                       1138422577 1460616446 1752439808
                                       2050361490 2220297386 3788237198
                                       661392707 464540830 2396888276
                                       2949141469 116944867 3183219531
                                       3651133736 1490737652 709425268
                                       3169587800 442343565 119883182
                                       2499571869 1067027193 1429589011
                                       1355772159 1337791617 1140611553
                                       173787082 2892677555 1724219800
                                       699545470 2964943201 1757881203
                                       781056578 3458371322 1046390838
                                       2956393387 1807501438 796693956
                                       3569186598 2961510824 2924231594
                                       3967157592 2951639613 3031297219 7605502
                                       1082844216 3921606641 409972470
                                       832326173 3209668775 4176170094
                                       2212779344 1716817280 2823418913
                                       3965453267 810272535 3077985614
                                       2032414644 3007706457 5816634 299670727
                                       2623335742 2121276620 2167828342
                                       4116300372 3441441083 783623501
                                       442444328 3978066937 2959748286
                                       226808453 4205295597 2251301687
                                       4188288988 2280248690 525825167
                                       3436816800 964702428 3987996702
                                       2417007709 2883373904 458156645
                                       236086112 2172066548 3810918940
                                       2906241817 2009583553 3602817150
                                       3106478566 70890166 350514688 1659526402
                                       488050006 4154407840 26026076 4251395057
                                       1947310080 1242054788 3792087898
                                       1369598725 1714578055)))