#S(RANDOM-STATE :STATE #.(MAKE-ARRAY 627 :ELEMENT-TYPE '(UNSIGNED-BYTE 32)
                                     :INITIAL-CONTENTS
                                     '(0 2567483615 59 3120017876 3445455989
                                       3754059238 2915498148 1891009001
                                       4106344551 4062944522 3739924351
                                       1626477970 2499363728 3670639979
                                       1851622118 2831491953 2885848987
                                       73565227 1976631950 281009433 491008193
                                       3767286247 1293237901 2225061509
                                       1301186887 3477744920 2263040651
                                       2705003940 3096861965 3146401753
                                       2686024765 3302694677 138003971
                                       716576767 4055507055 1364068914
                                       2951750295 1567703793 2887396008
                                       363537432 3268946973 4144414754
                                       3597201419 2003322633 687148123
                                       143817588 1909507496 3782491537
                                       3816707541 2047509144 1467548010
                                       3425150565 974266447 20490738 2662639099
                                       3527467617 3122718440 3264715000
                                       3592523519 3063372386 1964795536
                                       3536477702 4261447551 3244906250
                                       3289330112 3394544547 2544329095
                                       1186479524 1607581241 3692514246
                                       3556790341 794735466 256285783 868244216
                                       1499582524 332201569 2567894615
                                       2514047288 2451162064 532298381 45668501
                                       628889839 4258861909 1143073365
                                       2023130225 463903202 4217265602
                                       2973259000 2757962485 206892002
                                       884729864 3180392129 3181969339
                                       1878209938 3332841507 3334520735
                                       2800563600 2751185174 3936437578
                                       1043225086 392722604 2924942490
                                       749835571 1509716066 3366642176
                                       2077908134 2340025320 3597817964
                                       883222326 1622939400 2795721350
                                       174766432 2211924592 3062689224
                                       3748747392 3384627684 3316226840
                                       517435483 2198101431 1646333093
                                       3173707757 3169609132 2038970547
                                       2800078945 708464138 831067995
                                       3670712478 3930391110 1538500132
                                       1682939413 1117916410 388938542
                                       1372316476 2114521086 1574344883
                                       2271779264 740344976 3786100499
                                       3346703116 1619446382 4025958113
                                       2291985789 2900431900 1292404608
                                       2819864177 3648131848 543053039
                                       698234293 2688247994 4133857574
                                       1788572658 2501175065 428752609
                                       4269285939 3552358277 1447488551
                                       454092602 3545222730 3738764658
                                       2934093109 1026772077 2260410627
                                       2970463544 2019439879 3691998724
                                       1676446302 234442392 1930079567
                                       4003837040 1675809713 1045045929
                                       3786970297 1018389027 3958926617
                                       2519896255 2586012565 2152075745
                                       2793252124 3417522915 2081662570
                                       3369744101 1630432584 3345379972
                                       2275283000 3151942055 858671083
                                       1842765942 641262058 3731686459
                                       1354174683 629864844 3142931302
                                       1558259827 1898450286 2700800430
                                       641598465 3455225813 1994958095
                                       476727219 2750876685 1380689911
                                       223635336 4264276411 2059651636
                                       478750092 648576387 4219949010 455709107
                                       4174996433 918191489 3746288775
                                       1177997747 3466777496 1320757332
                                       4178093657 2976858195 3544582364
                                       3257263406 3751787597 2966162574
                                       2820119160 178246583 2354068515
                                       4257317615 838654388 274624003 292848648
                                       4002377277 3777784002 677886330
                                       1568472984 1887552228 1555725872
                                       2025594110 4140192595 3334600003
                                       4213134765 1937122592 2680115850
                                       1158103868 3712392724 2041636977
                                       3904488146 1459691108 3880909286
                                       3967476234 2267038703 2378633191
                                       221919665 3999411486 2139921606
                                       3886814803 3757728005 1660923448
                                       1984408923 2429299949 858464355
                                       2184232799 3112157979 1998583218
                                       3418767341 2754862131 3942578616
                                       489932033 1059854675 1485673772
                                       1284236951 2225262125 1960693810
                                       3517414434 4004624610 1048564598
                                       2095098667 3317491090 982932489
                                       4065338143 3382861122 3592570655
                                       2548378752 500541797 1045567203
                                       1052022765 3750251133 3557670080
                                       1312446375 2592889361 1031470375
                                       3486221462 10010268 4009496891
                                       2891779832 259166507 1224932487
                                       2970254726 1936205691 1553624788
                                       812799069 55954481 780022049 3748763878
                                       1078707201 3028932628 2402162112
                                       3193450974 613311346 3416101624
                                       2337542570 3205370875 73875009 943370099
                                       3587972137 4159243157 3711507532
                                       734214319 43923464 3209796514 4245906677
                                       2338861200 1690261618 2394791944
                                       3633557362 3242665649 2241980714
                                       3248875601 2998752833 2897571149
                                       2195447939 631457258 627790359 850399583
                                       1360721274 2504736659 2880630678
                                       3742164862 1472325977 43152962
                                       2457364495 1327301260 506342121
                                       1515556602 182469250 530022967
                                       2369783094 2121506730 3169486938
                                       1745200730 3655813819 2530484863
                                       3394474302 3127391094 1189609098
                                       977871447 2649499638 2303324035
                                       3199793310 395579894 3351110903
                                       536847515 3020747272 278671127
                                       1253418325 1568174059 2599360053
                                       4157491703 3566281472 1533612680
                                       4117293446 264208331 139612967
                                       3893834088 2678369427 943216850
                                       1942911712 1394352817 2331095305
                                       1805694538 1241465229 179847947
                                       3543818082 922217504 3395077610
                                       454249039 2006239780 2051854417
                                       3818999915 889366302 2012734037
                                       1437223790 125872416 3361953569
                                       917089261 1787833943 3718939700
                                       1550969374 1303831544 2475169610
                                       3546233866 3382189124 822753633
                                       1769143959 2559442501 1228891110
                                       1338717661 4280242413 223465976 39225263
                                       1050108682 30804479 1190184572
                                       2541602666 3091654415 536096229
                                       626962148 3334679817 160073563
                                       3043042532 3292456109 2806882534
                                       904254971 748140257 3140041464
                                       2155492824 2864930092 1587931735
                                       810044637 2800125684 627954290
                                       1917439234 2827968376 800159737
                                       3901363395 1754339810 1601115824
                                       570802514 3131704520 3129677180
                                       4086741878 606006802 3806943361
                                       2522517456 3227992734 86248170
                                       4059591391 641786215 3410185353
                                       2738296205 3215576283 859349144
                                       4051440853 4111067327 1621550055
                                       1816129046 1627775625 279822020
                                       2361745818 3702386645 3914601482
                                       1772560180 3344471318 1583646948
                                       1339583767 1398566202 1848930705
                                       3366584760 2882346032 1321484191
                                       536265273 3385962552 3928173942
                                       2875547624 3180365663 1218060871
                                       3036243753 2023161364 1631166630
                                       1643701541 3091462981 2777417889
                                       3825344100 132571003 3753117710
                                       1859586532 2755433310 4073039990
                                       3385833884 752366921 2676929168
                                       3647022064 1921765592 2336917192
                                       582044112 2108857492 2016709164
                                       262414574 856938312 1122324470
                                       3029020093 1300600799 605381253
                                       1720595044 3243132539 4292081679
                                       1855538007 3983157832 1903758757
                                       1771298335 2201678153 2271300752
                                       2543747762 3570171531 4026494442
                                       3851690117 540381801 433445570
                                       3837877373 2424472510 2379731812
                                       120694573 1527867958 1306790588
                                       1608953564 3346542967 389061684 56224522
                                       1227875082 3856123071 4016400286
                                       4081703578 2935744493 1709525628
                                       1877556095 1509030717 3481494926
                                       4215716424 2695133978 3378554065
                                       3716842277 3035182844 1031336362
                                       3799527857 3379253487 2854893188
                                       3481120563 4113126000 4041887713
                                       3603927707 823324259 3190916212
                                       1540405867 4082311178 3577635907
                                       2616516428 2770693626 1032971433
                                       4176066681 1086197954 59961105
                                       2947338684 3638685425 115610785
                                       786218188 2813447620 1196550966
                                       3057969916 4202978419 3195294593
                                       3420405463 4259646539 1108570547
                                       1125148847 4213235058 3061425808
                                       2358416659 2683277916 1050438071
                                       318868126 499544504 2537242110
                                       3499630938 4252912420 3349096505
                                       4223971578 2721728814 2974711275
                                       2212861112 761268952 1094772897
                                       575339385 2485229389 3738409465
                                       1580260793 1667521025 2735382818
                                       1360609166 543755812 2016405078
                                       980757678 3936565833 3464781698
                                       2927049295 1151794689 3692287279
                                       994777098 273781682 1860759790
                                       3263895215 3738733516 4243996425
                                       218891900 2075584319 3967412252
                                       2453040562 324077298 1163338325
                                       2991675083 1818783427 4290651040
                                       1220578850 1078332625 2143123583
                                       2037120118 1076096902 648415063
                                       4254120872 1276557685 2273424563
                                       898180733)))