#S(RANDOM-STATE :STATE #.(MAKE-ARRAY 627 :ELEMENT-TYPE '(UNSIGNED-BYTE 32)
                                     :INITIAL-CONTENTS
                                     '(0 2567483615 186 518464578 16932136
                                       1997499650 2325710569 3570815145
                                       2195382963 2956556844 2866144869
                                       134971567 1137991188 3781235535
                                       4100979500 313711323 2596170813
                                       3407118925 4008898700 3696672294
                                       3035817327 1936409921 3937306135
                                       3844800029 2914570941 976048297
                                       1626781718 1548855987 3388302972
                                       1434945384 416252409 3198985598
                                       543059521 1043413952 575498526
                                       2140940505 3239515851 2615320426
                                       2773282650 3702622478 3262272143
                                       901985195 1602013021 3600811275
                                       4074698977 4018295495 1017025331
                                       1254749356 2037883886 3755184189
                                       2271790492 1040989010 1905312024
                                       1079237058 895909023 534730707 428416005
                                       1780395692 3023677410 3243551034
                                       122558048 3936108725 2706602842
                                       1451512708 3258929332 930261217
                                       3142497284 2695418953 203204882
                                       500304467 254320488 405566121 151827225
                                       3835516619 1961319409 588777025
                                       4165271239 2553738127 238597615
                                       3750042917 4268565141 3512645251
                                       2972573910 115097843 851778874
                                       3350495822 4034891142 3887153207
                                       1380911870 2963432227 1243580608
                                       1307027324 2143131334 3728174386
                                       302540553 1330759136 302687781
                                       1066206767 1683114804 2816042445
                                       3482687596 3955500654 3044683020
                                       1851590082 2386569167 1777066300
                                       1092541283 2155380659 1199344830
                                       2769383637 4072201000 2585304836
                                       1780582820 1924619120 1846568149
                                       4088489109 1438667079 1353669929
                                       3200105862 3038422401 1303441364
                                       969308068 2064103834 671719125 362235745
                                       442070699 555078162 1497327337
                                       2332069754 4175262445 3039402484
                                       1858612716 3303955844 1242922809
                                       3629686337 72785644 1961242318
                                       2988262625 978909406 4096107350
                                       669111890 992449176 2464942352
                                       1526839655 299519719 3687744769
                                       3021736285 724258160 2808184762
                                       1340105590 1144796483 622161941
                                       678682035 2947574345 2290575107
                                       3302539273 478695975 3056263625
                                       605157672 3597114892 2756103182
                                       889934632 2377712893 3250694607
                                       4201645831 1024720203 2276486541
                                       323250727 1718281507 2463903760
                                       2451017683 3038664998 1424652620
                                       2641490128 1462451754 2518060271
                                       2308669048 670282763 3442607035
                                       1962652857 1473675719 368551951
                                       1752998999 3496992360 2159701275
                                       879982280 129387957 2665006994
                                       3207244590 3239930017 555572794
                                       2876725016 2997951101 1690538262
                                       2838914385 2701427607 4069131733
                                       1798260689 370263668 2416752717
                                       3534225915 3006779440 3365006834
                                       1710180347 4294139390 481833026
                                       2028979785 1515949262 100819722
                                       416977120 3999255049 309167172 14958113
                                       3127051332 3928011425 159749241
                                       1862035695 1451309073 1487903868
                                       1228170826 1257744015 2458728914
                                       4040746877 1190963397 1956881452
                                       1882032918 324041170 3422031907
                                       3761629181 1601570483 265417576
                                       1297618382 1243728672 3096063370
                                       3669018729 1610137771 43809549
                                       2950385638 2694648455 2334521248
                                       2006423615 1945444564 1172944785
                                       1410378380 1321387860 1594281611
                                       1632547520 868755917 2076132817
                                       3513155508 900214009 4255438194
                                       1033403388 1743628103 1623022982
                                       2082493197 3412908362 2839169329
                                       66442184 2242872318 4048544633
                                       3081746149 1388049839 108666516
                                       2416747388 2745128362 1074311685
                                       3576420527 3837841629 720581373
                                       2508790403 3364057949 1624640076
                                       434052639 3292058183 300741470 938618828
                                       4079942755 1695480307 1781775258
                                       1690753848 242316262 726691717
                                       4150972123 2996416098 2917779207
                                       3577679432 2140829852 2130905844
                                       2560050872 653726873 3277617600
                                       3670678890 3595080895 3895713659
                                       1618972574 3556413445 3081746000
                                       2545987195 3345652782 2453750484
                                       1209802020 816305326 1209794331
                                       2582611707 3243180158 3302459626
                                       4289657393 1676062231 3804113724
                                       244290600 1640055194 409673724
                                       2549439450 2096576777 89197238
                                       1475739163 345017639 3936670584
                                       2506034711 1100677153 57000298
                                       1077621143 1598115943 1157091188
                                       673422065 3909192808 989855872
                                       1029450018 3413193947 3098667738
                                       3107440634 4093555722 1669029911
                                       922325504 2197551905 490933737
                                       3386986876 1047077636 119567295
                                       3793599826 1475760456 296768337
                                       4141004867 3323375862 4071919858
                                       792112098 1071381832 884710484
                                       2160466310 1341816293 960940559
                                       1999766587 2324084034 680258264 79935614
                                       3650924913 1232346443 3618135630
                                       2455963475 648114387 2269206568
                                       3886811720 2617877812 2580776604
                                       593813587 1504618391 3313081561
                                       200940640 3093607345 1262648723
                                       125635631 2885905579 955813529
                                       3663921058 1562938509 2034239586
                                       255629666 2992218101 3774743625
                                       2200422405 560228894 2077565250
                                       366246444 3608958119 1326877775
                                       3297960079 4223552191 672896098
                                       1307775434 1777381849 1015616711
                                       971312900 1643228351 1716249493
                                       305964405 2251797253 1112346802
                                       4289415598 17993372 2998478372
                                       3658199650 730435582 3623501683
                                       1249792551 994720990 4006759804
                                       351907101 346360541 1664088982
                                       1313056507 4232881449 2519125995
                                       4280580491 2368842518 3373999590
                                       1038622449 456198374 3642412480
                                       2996164183 1205763126 1053775443
                                       1122869058 2846172098 2312400607
                                       2337408627 3245857399 3408972468
                                       1701125016 3503840164 1043682211
                                       258391302 4199498270 3957926001
                                       1807713220 943382356 3784071641
                                       1675892024 1471071999 3811263715
                                       2009912410 2621156913 1405645868
                                       1688620833 606825550 441405576
                                       3197482612 2998636311 339362229
                                       2458091367 1862124101 2470655698
                                       3215317109 3877449977 822518194
                                       214436811 726165779 3429113 2011050743
                                       791621623 1864717216 1996169296
                                       2020989077 3883421048 3650624398
                                       2233970605 192926633 520462508 643081430
                                       2203798375 3787023713 2597623846
                                       1273294887 1826835714 1784234974
                                       375774445 3803851874 3122603210
                                       1917795050 1556218520 2065838814
                                       3308717825 2528613263 3989523154
                                       2890644576 3814452494 4102842292
                                       2594323002 2884665047 1322527837
                                       1770853959 2304147178 1285477208
                                       43971020 3193756236 2834677246
                                       2715588200 3947685572 429249024
                                       3832669376 1530833346 3921946861
                                       683633404 3654533201 326289105
                                       2697969464 2654664842 1939731918
                                       151441972 2213171221 849160730 517658881
                                       1664043106 2822399350 3734773809
                                       1622688971 2543999214 3880041367
                                       1052540990 4086742250 2581506209
                                       133837437 2436737072 1868981794
                                       1777568906 3466149199 3565527840
                                       3282361550 3239224431 2760373361
                                       2237745789 4102626705 1685293471
                                       2100064409 3681848065 2521823933
                                       2285427910 2277966796 3005542914
                                       4021958067 1050298175 4289306208
                                       430046641 718512237 2401896372
                                       3634390009 804660131 323032707
                                       3913148168 84712221 2355691234
                                       3551367831 1040855659 1800231313
                                       167727784 3826004230 2206660295
                                       916631309 238493295 3109582648
                                       2857375173 73371171 1186114967
                                       3815580058 3748778549 2151748019
                                       860940028 1098913713 1107694375
                                       4114986493 489764582 3149743587
                                       3822360180 4165870687 3992559051
                                       2678945783 3525154894 1382511173
                                       936002311 3449622044 2402887365
                                       350676924 1637236300 1373184035
                                       2151117246 2053574892 2581298675
                                       243422213 661988956 3661675811 601525739
                                       1944087900 1017855495 2330366928
                                       3862164642 2086820721 2306375158
                                       4166515357 3595933063 1902548634
                                       2544836155 3021745304 4155876166
                                       2323793584 252438957 3110825282
                                       3341472244 3541982960 2466209967
                                       3452858145 821273896 1740476595
                                       3727564102 1777788863 2679575859
                                       1015067891 3937527366 2362028369
                                       499995733 108054040 4078715387
                                       2119330501 13062564 3535178970
                                       1438745482 4268898558 241245373)))