#S(RANDOM-STATE :STATE #.(MAKE-ARRAY 627 :ELEMENT-TYPE '(UNSIGNED-BYTE 32)
                                     :INITIAL-CONTENTS
                                     '(0 2567483615 611 771408930 2864168540
                                       1656652947 3765266487 3138851193
                                       1426573272 3027687148 1693091157
                                       1764206659 830599044 2356392983
                                       4081471650 3623227798 1869952713
                                       3077542366 3434824000 342262934
                                       2820601042 1803781213 1508828852
                                       3518148066 631656624 3934612657
                                       3479223682 2918091929 2068639037
                                       2541926847 3848528256 946564103
                                       1002398990 816366811 2124304353
                                       289447279 2736424621 2746830613
                                       3284742405 2755831140 108749789
                                       350310013 3040674515 775574087
                                       1055536174 2677695298 3602096690
                                       2510834957 567140713 77095038 3876078273
                                       1453511083 2143316695 25089340
                                       1190644416 1264291608 962464389
                                       476700123 1676537339 3212811401
                                       3998839277 2525738642 3366165621
                                       2333768933 3267905770 3790620651
                                       3288329851 534826000 1823450670
                                       1662635605 2802581599 2693630219
                                       3976112058 386631304 2588069548
                                       4056945712 3293303435 906779343
                                       3653182604 360105924 3964834080
                                       4186734414 1667911490 1287194878
                                       48584485 1072817950 2058506974 196213962
                                       1421096165 2656521224 2090482672
                                       1452180983 2858281570 2524312706
                                       2190362262 3539822699 1308994731
                                       4264503796 4173404278 3075645378
                                       3061652650 499482806 2203439703
                                       3721584200 3676261884 3906723784
                                       1451479504 86521014 482500599 1481742464
                                       3258030992 1714710458 1756759760
                                       3214835250 1562514137 3429481104
                                       787559266 4258709454 1059139125
                                       3589482751 176798119 1110910792
                                       2918396910 3411428214 916623439
                                       1640475145 282537394 417673697 115257465
                                       352252449 1480257629 3526620992
                                       3566895827 2585983015 3067928025
                                       2584327947 2754992366 4063755108
                                       3148162756 133264204 751456284
                                       1108567611 945083129 3419972702
                                       3502097794 3201819343 3276041281
                                       1251696765 2572324797 3961683313
                                       3274666418 1822673771 2524137343
                                       3513331752 198118574 4007910262
                                       258577618 703416462 4117811590
                                       3189801578 342822530 3977847336
                                       3993674563 3148627125 1112338282
                                       81101247 3143977003 2675818040 98798213
                                       2091550063 1473561265 2071360307
                                       897538637 4248297382 2495664511
                                       684372831 633037139 2211996702 528795692
                                       3759133619 2511607146 1254032929
                                       2853233683 1998914855 1884290468
                                       2909498779 483873440 1682323284
                                       3419073760 3998085745 1594110199
                                       1053172922 2882402863 2811387404
                                       1429043756 3270396687 1848092141
                                       1839906203 1867806043 2684501098
                                       2820492423 3500764080 2455336229
                                       14875662 2510773927 2520884923
                                       1081357337 3208676696 312451004
                                       1553212873 1471322258 3666022033
                                       2194968889 3547176262 1163554932
                                       2062224603 469699243 4274783758
                                       3887778792 195131477 1183150461
                                       2792988866 1315003460 1239531179
                                       3017428773 3234619919 1995038279
                                       808526353 4207265310 3779285576
                                       1460587581 566211012 278082043
                                       2767518338 3963558803 3745609013
                                       917137868 4076842386 2617991911
                                       1045580533 3393732769 2366813362
                                       3795534344 1708279115 3760762533
                                       3310166951 3968342926 214810593
                                       3069151745 2126662365 997216495
                                       1522024870 3047245633 2085779178
                                       3422834026 2864346383 3692346965
                                       2402453934 2263973943 1421677922
                                       4286211484 2139128419 4284773675
                                       2079928327 3620185473 3609482654
                                       1554406737 1253191955 1395359766
                                       4054455497 2734667334 4154353762
                                       245327132 950338222 3445758916
                                       3988248076 1400163534 1878107793
                                       3798354553 3578463383 1118210998
                                       4277697371 1911714713 1618131959
                                       4057163546 439707693 2410320430
                                       3797422364 3326340712 1286747585
                                       2167298303 3649908692 3029702399
                                       1796963634 2448902767 463733616
                                       1539531976 4233969769 1340356938
                                       1637167569 2105495916 2220714837
                                       2112087494 1442937504 2069749202
                                       3702636185 1497071409 486657036
                                       2138273301 2728097273 3689908601
                                       981858312 4172487004 390662976
                                       3700378549 2244326715 3951872849
                                       2146738313 2167022405 1244470309
                                       991325819 2919336014 16010300 2375369377
                                       3039955295 1697624219 3648032089
                                       706248771 149736944 3981643108 865460293
                                       2784856145 1626295994 4101922408
                                       4148017327 64039455 2010843087 843846923
                                       1042951987 4226713477 1244514302
                                       2097272225 3040386204 2706956640
                                       1513575317 4088034005 3541088958
                                       3496740675 1167894533 3888481554
                                       2124083823 1586336156 1572775585
                                       929747203 3355269508 4019068201
                                       908786655 899090387 2703340907
                                       2017577571 123670956 3556660526
                                       2687803631 4012049323 741326737
                                       3096325374 2774557289 1179504500
                                       1875404563 2907500524 1403309734
                                       3543692429 2881682855 1323384447
                                       3848235320 963176452 514671086
                                       2302366743 512556443 1793274127
                                       1168316653 2773308473 1587124909
                                       2102544215 1560162521 607842138
                                       2755669593 2607002875 159397943
                                       3272712657 1580566232 390762884
                                       4031672578 3134458366 2421373508
                                       2920937960 3063706317 3251399331
                                       3166614904 3062045498 1818332166
                                       1023309770 3007536243 3925689616
                                       792779485 3799578829 300578262
                                       4134486160 3075612178 75654982
                                       1495868359 561621158 3193362366
                                       785028170 315237570 1184501648 373972179
                                       1871726437 3923886272 2636252841
                                       1314753669 3815154775 4089858471
                                       1506388266 362307162 1507380834
                                       755288699 309359760 3892699375
                                       3109897433 2519447950 321311114
                                       238601319 438862589 2206290683 817124427
                                       3714441890 1378521492 3254037352
                                       3539482953 2108787563 3943639335
                                       3473885466 4239083356 1382201098
                                       976944017 2581213432 3291468986
                                       4136663257 227440060 3034870763
                                       2058236104 764623298 2954186720
                                       2723796443 673474010 4049382231
                                       2203839064 152594730 1563498437
                                       1243402446 3287749483 4013556293
                                       3805280760 3109315634 28291235
                                       2640416508 3061060375 521249094
                                       3405455360 3416727520 3551949764
                                       1555650803 1906560403 1868463801
                                       2338597942 2774600684 3537304002
                                       4112193600 1131530253 2833347928
                                       1325228273 2344360821 1108225741
                                       2106793651 3615975786 1974054606
                                       4227337012 1007785669 3914586911
                                       3261153010 3577890810 3424233513
                                       3217028325 290147193 3392314892
                                       2121057744 1494703573 1883686369
                                       3413195602 3981137702 3127831572
                                       2871235091 288530307 2505931860
                                       219947952 3708415134 1825219549
                                       2703500050 1378839139 1669921796
                                       976902010 3135674598 917428239
                                       3378888889 2706069770 3734730345
                                       23633747 3647503419 846965666 2276327661
                                       3528445522 4221138377 3619692347
                                       3609707700 2219969282 2997054815
                                       3885505550 4189235709 3717656855
                                       2017473658 2134376486 2351213352
                                       1986592059 3454716975 158629230
                                       734879630 2245404628 1905389084
                                       809409497 1667575487 1768435256
                                       3213016020 183008025 3498580811
                                       879863943 255749773 3425377400
                                       1071346096 2031208217 3601424977
                                       2474305192 1475170237 2867897638
                                       2378818895 4022646198 605698893
                                       4196310267 3914475266 4264155187
                                       1168207495 4293395490 1110474237
                                       1750536280 475818260 2046347676
                                       444747099 1864094070 427765081
                                       2630734013 428102818 372079026
                                       1907614806 1998844623 3895478003
                                       4244733180 2404958578 3955248090
                                       1593869201 878843162 3852452359
                                       2350395056 428259853 1399933051
                                       208960103 469951723 1545805866
                                       4039228526 2285248850 1726875462
                                       2771141997 4290735744 1103658629
                                       311467742 2332353760 4185081340
                                       1367575615 239604199 1479664654
                                       3933320798 4256033511 1451382598
                                       1102381245 2431365718 3636804112
                                       2029445012 1576481969 3902248438
                                       1111437090 3758120955 1045255471
                                       2700331557 1009834538 1345663174
                                       3670686024 2700380306 3740974773
                                       594525319 1007388989 603610378
                                       3349435802 2706096378 899412031
                                       2190522052 2465050055 3133714902
                                       2692643115)))