#S(RANDOM-STATE :STATE #.(MAKE-ARRAY 627 :ELEMENT-TYPE '(UNSIGNED-BYTE 32)
                                     :INITIAL-CONTENTS
                                     '(0 2567483615 51 3124710004 4127246703
                                       3749070405 3303115835 213695933
                                       2093492033 2545441760 2707154045
                                       4068684701 2996182856 4108197791
                                       2422134797 2814342931 3274288645
                                       2757471984 1415750667 1635356994
                                       403403080 4080055814 2121829562
                                       3722779337 4185467971 1619972445
                                       1933451555 1670815917 1321577084
                                       828005978 1275407368 2707237222
                                       2043571798 3437857150 486225981
                                       2460778959 628854610 4081306489
                                       395865223 1201809209 901296815
                                       2223859500 1827513258 1208274959
                                       1680519924 1687577233 3143834540
                                       1212256736 1962047315 2967369080
                                       4002249581 1980425365 2764833249
                                       1387950940 4189678802 34608826
                                       2924255215 2860222451 2557821332
                                       1149109973 3935314231 1002702091
                                       3551377324 3747003115 837912883 16615865
                                       3738960907 3190435060 2565111327
                                       1535191179 3550544175 4287688881
                                       1286183681 304615872 3027701168
                                       2040079519 2086981657 3080025170
                                       213048933 665617667 2880473364
                                       1396143140 589744617 1370365910
                                       3081188864 2758630635 112915174
                                       284583689 1231752308 1134844325 95312390
                                       1054610097 488520397 2839185518
                                       649081179 2249645460 2274159685 79249156
                                       1532529255 179189389 815671106
                                       2446776155 4196061645 3160484664
                                       3776436055 410114192 356441481
                                       3306893478 3127102693 367019048
                                       2616619961 669324297 2353252752
                                       3735328761 144521148 2606935809
                                       4040109341 610328343 4166497277
                                       2123883251 1768201025 1815663037
                                       2597822505 3868041231 239900380
                                       824423259 2348103126 3044680634
                                       2579427246 1865127596 1889440307
                                       223408257 385838983 2900236454
                                       1947423597 1489382882 1706506941
                                       2488072484 2051564486 1829293500
                                       4072701046 20796319 860646529 4139775244
                                       1304462279 3618939041 1600255710
                                       3666945261 3665482034 480602093
                                       2231261330 3263581406 4176083307
                                       983193694 287893934 3005357701
                                       3665200890 2340234386 825329425
                                       2042332030 4250797752 2819018016
                                       4111760812 2696243359 2474358666
                                       3213676861 3795800917 3057360454
                                       3893197087 1825115670 2889002490
                                       1393890296 3895932184 3721749318
                                       2958557251 2985850153 3040840615
                                       3443481474 1879022634 3673506297
                                       1234801983 551766185 30646436 900610135
                                       1946533195 1454037213 4070057511
                                       3355848129 1572394940 1699489023
                                       1883478950 215333922 126116118
                                       2217437313 1057798302 2052201437
                                       147841245 2751419867 319195019
                                       3442170968 698182991 52583469 98412974
                                       3099194634 2057170027 630801677
                                       3080837198 2000606960 2458581984
                                       3604274988 3936387700 1234282954
                                       3201274629 3086712052 2230649773
                                       2662530224 4235645317 1045727441
                                       953029776 1470555551 1811811493
                                       1976939732 2947292890 2165395307
                                       2274174816 3208949900 4218080815
                                       2156662913 2179443416 4272639923
                                       1615168989 2046567715 3281416306
                                       575667794 813297414 3737876544
                                       4027341306 2064634595 1312894425
                                       4147523779 2139650184 541448488
                                       1605466687 2314250714 1710268637
                                       2071497648 3345350788 3492280845
                                       675700431 1685081561 2530527384 79126736
                                       428204278 4065864218 1402874249
                                       3756178020 3349425548 616218836
                                       1946759458 1038541577 4070817100
                                       3206699239 704544042 970395533
                                       2174140007 1480660341 2884122746
                                       2801546399 465230310 3422463799
                                       2343733589 2871677482 2800532823
                                       1963889435 1355797152 1310583545
                                       1080574653 3706232146 108963721
                                       3942720470 1223692988 976952245
                                       3452630280 3072335683 1015694765
                                       3184075387 2466969324 3019747001
                                       3245159705 837096130 413763133 385646315
                                       3888613469 2320953665 1606624212
                                       3011863945 2604932968 4199062091
                                       1447574945 1925712261 1128273142
                                       2608404231 2066687835 1266985262
                                       3122181278 3337935886 2918844409
                                       3985903060 2398639660 2160798771
                                       3487788597 134638191 3958363607
                                       2196174257 1173634304 3763703608
                                       302593217 389679813 1180998330
                                       1414141245 3040219528 569141067
                                       2571753059 4165702675 295523823
                                       3780614950 3518914606 1577222076
                                       124301922 3881448768 4096643410
                                       2756390648 1040102249 3822247410
                                       272635910 2032114310 2291133741
                                       1779763821 1648098508 3800980995
                                       2237221483 729133432 3922701599
                                       3540486478 2435100453 3171679384
                                       1631016454 3366684650 3223949550
                                       2622869626 3666552364 2769079171
                                       3540586496 1620939123 2799388061
                                       940045817 2517922560 553130343
                                       1252706905 54578663 3044846651
                                       3351138163 2458866754 320105475 36872381
                                       418535467 1443926291 2808683653
                                       1246439779 1440281725 933884600
                                       1023249440 3669440350 3743499367
                                       423399852 1831616578 62926758 3017353215
                                       2823018639 2042112301 2889069760
                                       2530678326 2854542747 3900020594
                                       2943090830 393874176 1357629596
                                       132707748 2624056579 3254675173
                                       3663540550 2514887866 873767556
                                       3564280176 3781951674 3739814484
                                       3370338110 947720682 3295207162
                                       281229071 825290709 3374966175
                                       3626389475 1341659969 134875173
                                       3897274245 3118480974 3579387909
                                       419835821 210511450 2794127383
                                       3779229556 3698701097 2490541230
                                       1985220971 772529426 188333939
                                       3819329651 4233841948 516786684
                                       217042958 466034143 1907416784
                                       3313166530 3832740032 3271488963
                                       3673503765 1281433375 3881803670
                                       2308058492 3077894679 245764887
                                       560400605 3530500561 3901401277
                                       2955981963 2070882953 1277879670
                                       4045142536 834012110 1955943967
                                       3177983068 3887295454 2951161519
                                       2630808156 3429429616 106208332
                                       134040746 1846199482 3240645845
                                       3230272791 1517708926 3618589646
                                       2204634998 4029582709 1489593814
                                       1593368228 3972609353 3423064184
                                       3742457248 1788378426 1538124012
                                       1198241664 3256506330 3789955860
                                       1605073013 2131615866 2992590973
                                       759736083 1658329408 2825917862
                                       1213613930 3911045809 2108798020
                                       3775158489 3217856841 2005999840
                                       2806272204 2267104159 1523794264
                                       2288672181 1030453881 4122620526
                                       2535563801 3052436427 459832331 55656452
                                       1409844900 4212374432 876638726
                                       3365550919 2320651389 3238070770
                                       742551782 3136326992 3931991949
                                       1029082030 273185891 2120359091
                                       966418685 1354318183 635023959
                                       3030983638 162965276 1786455705
                                       3942186466 1066459612 3826790682
                                       2208807602 3632509333 29307665
                                       2330995128 1461746441 1017015011
                                       285527168 2184661689 2426288016
                                       608547255 3833832748 581096341
                                       3836917403 188637285 485929006
                                       3546948527 3064493362 3526163799
                                       3344734935 2829990036 2627556267
                                       1443196770 1319082129 559726548
                                       1002466799 2170260490 3964922957
                                       578898404 4206309564 1233764218
                                       3358963358 322344467 1435758463
                                       1729935531 3606736525 3061872337
                                       345693737 3769804754 2750619438
                                       789979509 2190071037 678234035
                                       3212921286 1134660119 2768571810
                                       3574992524 3363847765 688557629
                                       2165269333 4056583658 2714507662
                                       3306175503 1474952338 2918923412
                                       4090750764 3354384713 2588542720
                                       499786840 784390218 5676727 1795333775
                                       70153355 2196382185 3953216357
                                       1204806963 3601564021 1230478817
                                       3257263711 1636915621 2426317179
                                       3392327243 2451662452 4129266301
                                       2465065519 3298993945 2678706493
                                       2009460644 1037975128 714707667
                                       1158410091 1406132232 2085002731
                                       3066434117 302556849 1385070963
                                       3130771025 1103177134 305266691
                                       4290512812 1238982656 4237065539
                                       1779008803 4253812625 2070237888
                                       3970806173 3717955000 2542434579
                                       2612159125 3030010894 125363581
                                       898791915 661577108 1827037229 797736127
                                       2442958542 344910563 1021552908
                                       1659540839 1047724916 3791906498
                                       4264729342 657581615 2273985392
                                       183231037 2935800286 591122896
                                       1505637822 597996572 232559157)))