#S(RANDOM-STATE :STATE #.(MAKE-ARRAY 627 :ELEMENT-TYPE '(UNSIGNED-BYTE 32)
                                     :INITIAL-CONTENTS
                                     '(0 2567483615 103 1720225402 2996320566
                                       952049430 3840813698 2428081918
                                       3391612821 4257938233 1055297570
                                       2581378264 2962815465 123367585
                                       924007987 1506510923 495139838 721410689
                                       4236407745 833458684 1540646781
                                       1715857828 286063953 3688774943
                                       2091443352 4064349952 3935535355
                                       3158813736 2362350194 1758097398
                                       183404305 3937790592 1502251274
                                       1566049819 3875209347 2323036876
                                       1101840063 388541735 1845458866
                                       935378506 1442334715 2238994638
                                       4040462048 4255005358 2578567440
                                       1740541067 2014894711 959409009
                                       570984924 2785739204 2139678565
                                       3371425972 3496237812 178285883
                                       1159863007 2713891666 1738061765
                                       2696437237 2041791720 435530966
                                       3617849090 1650574571 675938084
                                       576162057 2451730692 86601195 2659809673
                                       3711845150 1574747614 1751844134
                                       3564729805 3770514543 2668366766
                                       1458440000 1254413804 3859347099
                                       2500266500 46451024 59226147 258458849
                                       957394778 1101016781 1648670028
                                       1284532163 4294755893 472430193
                                       756972607 4220846210 1221467109
                                       226365755 1289284160 2015421579
                                       177964933 1118548285 2295851722
                                       3987935410 3678980036 2374045088
                                       2229571959 3697294948 2734809922
                                       967081903 3041903884 76180590 11359166
                                       4244440262 925179707 2299176682
                                       3002711953 4111989533 1099902915
                                       236011352 791833223 363955294 956464681
                                       569117400 4171162068 2363636342
                                       1137865196 2498438106 2246161191
                                       1766582107 2251910663 3009032796
                                       94970293 2754998887 895380994 1355133380
                                       187002417 22712945 1253907992 907638300
                                       1900172564 641216523 1543786568
                                       670904786 38492398 2150711676 2819170234
                                       2802637971 2283250291 1309793511 5991966
                                       1457613181 2910920469 1493058590
                                       30684263 1207132467 700946650 396759359
                                       3727391475 11415847 1890582319
                                       1470703984 1595809881 314098571
                                       2202516453 3559806625 4171841871
                                       2467989497 2986007045 3553605707
                                       1473042409 997363681 3878273614
                                       3614129833 3007089574 846247731
                                       2007541167 3866428841 2758031830
                                       2146191474 2773067818 3112058361
                                       3768681538 542161624 2008588964
                                       1444655784 611763569 1748224021
                                       2404430079 3893768480 680562803
                                       2701274959 272009739 3766780599
                                       3709863657 451946685 634069449 213604715
                                       2638247380 2868471940 3498928300
                                       4130090403 1611308780 1520763861
                                       3020653912 3005339672 3379717474
                                       938957433 190572886 4037533139 341827287
                                       166698813 2186848298 3792296608
                                       2267452976 3241006053 3455541010
                                       679731837 1896539492 2567527418
                                       2184698064 2439799906 4176486304
                                       1019942508 2927069731 2873551114
                                       3031191816 2831664610 1401758307
                                       3964776348 1774410666 1935134840
                                       3831843920 3613188223 1285939758
                                       4112059632 2308124220 2354313392
                                       2577677878 1988046797 2642020907
                                       2650920290 2290831516 3055104473
                                       3306437839 3708838432 2347830810
                                       1466429394 2353628004 318336183
                                       1296973433 93862602 3804299009
                                       2578705768 2001746098 204052115
                                       2211082472 4123779586 2578341488
                                       253233486 3972464951 1017707598
                                       1371199302 1067047975 3675837168
                                       2724620221 1786695880 814651205
                                       3085994260 458578495 2951555869
                                       1807251201 2440369858 3283440751
                                       1746789077 2549965219 388346011
                                       2402730028 2346019045 2577449328
                                       2069199131 3706077224 2659039973
                                       3027140382 119795059 3681718013
                                       3475675026 1723944218 1349103420
                                       909904781 4179090802 812029369
                                       3199987267 2183972385 207651276
                                       4246936883 2559870265 2900465646
                                       1864830077 1712056115 1439442724
                                       881690425 3773536300 3664222792
                                       3238924809 46512496 3262747078 256173702
                                       677296035 3397886590 3590082155
                                       1238665741 1480449041 2728903476
                                       3181781168 1612620955 1713117308
                                       926503681 3182180765 1964319577
                                       3627365572 507342850 3288481641
                                       1152153824 2716972639 3364761401
                                       3905110403 1245610336 2204265840
                                       3674669841 111087164 3211155828
                                       2553866168 2121957375 3519816491
                                       1448711735 1430923972 2168189649
                                       594006108 3153832843 1363604810
                                       3384730780 3708906779 3575438074
                                       872564549 1115732240 1820690349
                                       1545173423 82851528 3826510992
                                       2671918625 1096976550 1521330184
                                       3515251243 4201396137 3721692926
                                       2628246413 2240730203 3483536626
                                       1314814874 3636108695 181758010
                                       2163165777 3817216276 3847315933
                                       2045269888 861426275 2118029871
                                       1545845606 1039592728 1502955500
                                       3452901062 3515213339 601678585
                                       154318238 4035745334 2220378611
                                       2481884984 3617538376 4064406910
                                       3268702907 3571586251 1216397190
                                       2433955155 2048592389 48548481
                                       2129676965 4003950326 2614359785
                                       3075885016 3101746402 792380010
                                       2143497757 4058552105 3691846084
                                       1717702298 4270663402 543087241
                                       1451589765 2402888200 96823874
                                       3436633621 1668534789 4262938459
                                       949236611 1330827390 2210114853
                                       3811731011 929388087 2744021945
                                       2798221429 2338704884 1418127036
                                       3235429991 3887490505 4253998530
                                       1334580067 3203245027 2329676967
                                       1373997595 2538045139 2117448589
                                       2276390981 2171414743 94189884 254777032
                                       3177103043 3065007240 1580280999
                                       1034441386 518620303 2770687633
                                       4200091435 93839362 2229887795 968073206
                                       1412114183 476602626 1291089014
                                       1224859234 1994552023 440498483
                                       2199916878 4225664795 4065642115
                                       1380365312 2633847678 2035269456
                                       2489174061 1578641123 1548232420
                                       2398468028 4037499609 3112489296
                                       2359539551 2668609263 688349262
                                       3261959219 3433884270 4192900138
                                       3076344020 1168803615 1551477001
                                       2410898380 3103590312 3807943414
                                       2347621672 2349381610 3699446822
                                       555870617 3768017781 4195728377
                                       4127436495 1747290848 2795443943
                                       3061573459 14856417 677124359 3108228465
                                       831082982 1685905819 1340848464
                                       2670332550 3727594435 2880780999
                                       2427031217 3755631709 2333471710
                                       96166761 3937117687 4168155781
                                       2617645862 2194586581 2644618476
                                       2599450083 1959378253 1281851876
                                       489295910 2185558185 408668226 81349303
                                       1546375010 4123004686 4183764982
                                       3869040352 4230238253 4087462973
                                       2813389147 889599172 2952569267
                                       3961895057 2283084706 878156021
                                       3580820658 3811478524 3630964056
                                       3828135505 4086301525 4259386189
                                       1811553473 2816137542 81567116
                                       2229295853 1132070420 1820166378
                                       1521470107 151528665 365055652 436847523
                                       2819186411 828662701 3271680670
                                       2701042058 505007818 2487240047
                                       1777654852 3262171319 4038419668
                                       2930469425 3028251973 233077680
                                       3490769320 3516305050 3578239592
                                       3132212347 1499016012 1024741729
                                       1273985284 3333886198 112653275
                                       3720786071 953602037 2715319793
                                       1313451883 1376688834 4210882116
                                       1075510659 784595604 336433103
                                       2992359250 1248767959 1200112781
                                       1748021993 2241541673 1779252916
                                       719606172 2027202708 2436187784
                                       1678923552 2125794765 346006309
                                       1260912365 3104185380 1487520924
                                       1754615497 1449425709 389390821
                                       2948138131 135422613 1803343642
                                       2118375882 1272358708 2001581122
                                       2978245068 2022309684 1808460350
                                       2259913558 638136922 551269512
                                       2507357038 3995759413 3865826514
                                       3224322783 1813125101 2439787354
                                       135280293 229765927 2301349052 223388943
                                       2730548220 1878327467 631784920
                                       2407888611 1821525179 2551769710
                                       381344745 2878185689 144872643 99606968
                                       3647857044 3954284933 825087800
                                       2884939615 1693085331 2115587497
                                       3641173024 1353599288 532615230
                                       496901472 1210597374 1313437795
                                       1658748410 3042170926 1048569784
                                       1089086896 3930379447 1397148393
                                       1992873663 94097927 293442854 3574218695
                                       736044328 471476314 3985280458
                                       2423660926)))