#S(RANDOM-STATE :STATE #.(MAKE-ARRAY 627 :ELEMENT-TYPE '(UNSIGNED-BYTE 32)
                                     :INITIAL-CONTENTS
                                     '(0 2567483615 282 2914637214 1425941840
                                       964632106 4257341888 3080297678
                                       2218078845 507158394 1059043563
                                       2515023349 3402743035 694867999
                                       3009604732 4082078329 2261414249
                                       3825829484 3180045292 3662415523
                                       2514601214 2469482406 1628871750
                                       1318568449 492407569 2400612321
                                       2450075416 1980005665 1010046836
                                       3162204200 2250246418 1032267892
                                       752578111 3305388602 2826932957
                                       1503243306 4022013561 886382556
                                       2382185603 3553224136 2235006223
                                       2760826736 3049821619 1987657680
                                       1089358237 364147363 49176283 4064114382
                                       1111965985 731372788 1252352855
                                       3700516225 3352260646 3818924129
                                       1608075116 294264472 901384012
                                       1329057062 1465667217 851893578
                                       728395372 2113667684 2610985833
                                       1123743394 863274153 2622916263
                                       2060164355 1429919773 1953233755
                                       635906495 163036005 958573967 463604157
                                       1987536388 966038392 2966804469
                                       3843397076 2332132613 1734841640
                                       489857747 1531798737 2346335648
                                       2504949537 1370717205 107676706
                                       2846265673 36111591 2477531191
                                       1497384931 2704156629 564335000
                                       3866754265 714521267 1241276518
                                       2558012503 3765324277 2617219098
                                       4245837353 3420106140 20748378
                                       3842556418 3769351604 2661121473
                                       1117421356 2897296157 1123661746
                                       1073636564 258285642 3404486126
                                       2404681155 2972662533 1887668064
                                       1778849249 1912922368 862785951
                                       304694595 1929190598 1425334155
                                       993265132 1387830559 575572094
                                       1602271391 3064312977 813552550
                                       3567035143 55718077 3957391314
                                       2727475438 2847187412 1217731915
                                       2534841260 794497365 3936043940
                                       3243835660 1799727957 4089741985
                                       2597455242 4021022989 2225653543
                                       3221304753 1430524855 1110432368
                                       1506037835 2696090844 882394939
                                       3708386948 1594718602 2183236204
                                       3175646735 4141251220 3510983328
                                       3700857710 3878031006 1762314088
                                       237076544 4155627808 2365392062
                                       3838662357 662606107 150344166
                                       2169749304 2568824671 2173794198
                                       1964376431 319361972 785574061
                                       1147485556 2220241742 711387513
                                       1701387504 2924111401 2599988788
                                       2274936527 3493447489 2970652986
                                       3599876599 132418040 876939698
                                       2399134810 111903596 3606591633
                                       1015967363 632240654 2762293527
                                       4009313131 2287363806 2775162925
                                       1054917865 3104474438 2058990639
                                       3595486545 1676193026 925730747
                                       3758533028 3397432696 341332029
                                       1246728585 3936477767 1411936552
                                       4005775760 686047916 2340365899 33231452
                                       2107632269 1815545179 2528454489
                                       3884191350 3838287672 479310465
                                       1771867037 3111080994 1994319221
                                       3108175056 3451660513 1771354485
                                       2304910039 2788846420 4099607471
                                       1239581074 1102920638 912674290
                                       633976866 3481586830 1951045137
                                       2559062715 165440406 1418837453
                                       3040749100 656294732 3724917992
                                       2690872028 3427270951 1004489801
                                       4187704261 1977614272 2959445188
                                       2021502104 4055732204 1979483579
                                       2757457284 2112835017 607553077
                                       1272227080 688614500 2956329576
                                       2725194431 3395501394 2382058140
                                       2952520668 4178465575 4221525785
                                       2229323486 1734466476 3171687534
                                       2657589461 1777047395 1421864213
                                       1437866931 1660985575 3011974447
                                       3523755166 3879763873 1229837511
                                       1261904802 1412010876 1051334261
                                       4001703429 3216685374 907750671
                                       2528293141 4291075480 1821811862 2236608
                                       970451744 2079085825 2092221079
                                       517770299 1883289809 2078651023
                                       263384652 3747303011 3046343694
                                       3862700708 2980764736 805061880
                                       3154601836 1160668205 724195892
                                       3573662818 1207689755 3141644331
                                       2598439656 3661778385 566924702
                                       1712889055 2074850916 1030172307
                                       3772469217 526973125 1166662482
                                       2457910255 2103534022 848793243
                                       3890835936 2343985581 905063042
                                       1884395409 3616712989 840701826
                                       3480776034 2868628634 1349115139
                                       2814552935 975856853 1715869818
                                       2133753814 415548938 1796091767
                                       985459533 2480286639 2169114058
                                       2978142501 2812400566 3830013091
                                       1214070112 2876494896 1194114223
                                       2606250654 3634465621 1507633878
                                       1760063418 1339783268 1153208789
                                       3915809447 3475412721 2822215650
                                       3486173910 809113871 2250190246
                                       3307827690 1716921936 2726520108
                                       137512141 1330448461 3253318491
                                       512640323 2528736817 3708692710
                                       2959764402 1506351123 2272228536
                                       4193353052 2549003358 2032066528
                                       4279635056 2453968533 3814166517
                                       2047248103 1722454832 176310526
                                       2667155062 4097251034 3286596256
                                       4241550460 2904161775 594104014
                                       632986425 4000166821 4046874762
                                       646073239 360358899 2968334805
                                       1065477334 2252672245 410853607
                                       518503786 3283630765 3682219636
                                       2341339483 2092758788 2382381581
                                       2867125901 1652666045 1721839469
                                       1793823393 1707839687 2458102988
                                       2653895802 488687745 3666165058
                                       4012120768 3689815752 3491877004
                                       2538457193 4292127590 570870380
                                       2708382807 2412973547 3833377519
                                       3401493265 217554130 2921838115
                                       106950646 3206735077 1269546783
                                       2235213864 2068682643 2904177159
                                       1706875514 2099586361 518719135
                                       3619440592 2208694304 1871182024
                                       1949961079 145539151 2069721987
                                       307019950 382642055 2941234318
                                       1283082312 3794494391 3141900428
                                       144248500 2724046738 2465410662
                                       735734655 1412240171 1708191040
                                       2064159767 2423226282 2318915222
                                       614698287 465973585 2296299449 68912470
                                       3964907538 129968195 1184408264
                                       2347241736 1155641023 174282910
                                       4290843449 1090937104 3238296382
                                       935552934 441516208 3368609146
                                       2870237351 951909915 1699532429
                                       1306989971 3139416308 1073959254
                                       304007778 1624255053 205560800
                                       3915251248 4139338112 1228178549
                                       2732948354 83985032 3779335093 756852056
                                       2114129516 3592919518 4122503243
                                       1373672405 1952761966 2755115180
                                       1243893500 3416690377 2491563121
                                       1234139225 1903625156 2484492693
                                       3150562902 1023259018 2450497922
                                       2476063641 1336272338 1915174478
                                       3291710685 3183533307 238916524
                                       3243358416 1571789303 3874268403
                                       3026389261 778418102 3617527753
                                       1642626799 2689391807 1019829263
                                       3899415406 3296386394 4007944037
                                       3545513368 4024594832 3556965018
                                       2346336575 1641121895 3808573100
                                       815238942 2893843485 1817922991
                                       881382976 969862259 2719614327 372251143
                                       2500836430 2837343319 412255419
                                       1273773774 2440575104 4085682108
                                       2244765669 858349495 3943796172
                                       3725035476 1889024 3708324148 2445643150
                                       1679200885 69198126 4133965899 181526439
                                       2216175213 55891918 300864914 3398587774
                                       4243497415 1788097303 3969257655
                                       1533907504 1359033789 1420191127
                                       2835369803 4227548189 268625008
                                       2510682687 2198184023 930674907 12906833
                                       2153747179 1387046288 2131016815
                                       2959095620 1933391464 69901467
                                       1354361168 1690750153 1422279124
                                       1747558480 513388275 4241639868
                                       2478004325 1685911925 2466710400
                                       3025102721 854984251 1766328007
                                       4116291603 2971111937 4266357584
                                       1159474135 1750632034 3910692556
                                       2770901962 1415445333 3791025508
                                       316789862 1671626276 1838818941
                                       1365524613 1730348231 3662111874
                                       1210005345 4206996519 2747957287
                                       1333149221 1411234148 725148286
                                       458806338 108358174 3248442113
                                       3197405980 3971228501 677845894
                                       3767417982 2473359135 3006137901
                                       3867835342 408143012 3644186764
                                       4262707626 1669692207 2548877996
                                       2958710013 3013122894 2801577295
                                       269126489 2446056859 4114962860
                                       376289914 1613867523 875841644
                                       2473404161 2242389394 2111929471
                                       2091812871 1699331604 1876304838
                                       1297268523 3484920259 2490551511
                                       3019170587 1097465458 3415460315
                                       2330894461 3860560378 2693495195
                                       1679593030 1446703416 2794859862
                                       2794582088 3697426910)))