#S(RANDOM-STATE :STATE #.(MAKE-ARRAY 627 :ELEMENT-TYPE '(UNSIGNED-BYTE 32)
                                     :INITIAL-CONTENTS
                                     '(0 2567483615 198 88147604 3089391440
                                       1967069739 2815424508 792616094
                                       3386656877 2702822313 1221252067
                                       1595143430 4065002417 209974478
                                       2042643575 3691313799 2372836079
                                       1412096452 2572704145 2843642687
                                       3199407626 3428117267 2725146277
                                       2229541804 1378676491 1513681088
                                       4279939695 1148531237 2394425251
                                       510529238 3621878060 1456572137
                                       3913313597 620455695 873998068
                                       2657931244 2445261979 2918340175
                                       4201443544 1624909050 676391415
                                       1651419236 533406271 2168649505
                                       1596509042 2076355423 1783607890
                                       3461310485 2809526907 1378857444
                                       2449833136 2222467537 4252332326
                                       2475623403 633044754 1896946919
                                       1754306540 1667127429 3313066169
                                       2900662265 3678572641 3117242467
                                       199298570 496287358 3332895898 98452405
                                       4174399448 4245461223 1885045547
                                       4234172077 3436883872 538606791
                                       1398108894 3413986061 528952960
                                       3240585830 2585792073 4130065417
                                       4188342897 3350516832 3508322877
                                       4016729537 3303849897 3394764429
                                       2174436001 492211693 3185897515
                                       363187409 1672412622 3640925457
                                       4104832042 1589826972 3869655805
                                       3403984410 839885950 1021294213
                                       4038903208 2574929499 1124643339
                                       3675460728 991455623 2921039720
                                       1988478439 2003584136 2342497337
                                       2164794548 1462580927 1629658483
                                       3620906370 3769771938 4126222991
                                       852773941 2936250921 3429461678
                                       3447171386 1332720369 1189834036
                                       1301817572 1134131726 1413091810
                                       134962713 1025043904 143189418
                                       1818902006 2573828732 3035681096
                                       1609144069 181999149 1544472117
                                       1803191925 901354641 165134660
                                       2286323060 4086140458 157542343
                                       2885702880 3900958406 1379391941
                                       3530219954 2895418577 262285386
                                       4102414128 21374160 446189242 2174537656
                                       3419666868 185955835 996796734
                                       2843154772 1479704999 3114308874
                                       1276136493 767347851 2142179901
                                       2612210297 2735405324 701459120
                                       2469150347 3992615995 2672554152
                                       2906060433 1447730326 2199848934
                                       1136543439 2992358626 42741036
                                       4159033733 1139020513 2256094715
                                       1158150473 2429163396 4207660850
                                       318736420 139873873 2026196877
                                       1767996577 322657165 3895915057
                                       2104192490 4222875796 2331275768
                                       2510257320 1253626603 2561883344
                                       940916810 3814681833 3744655278
                                       2393103517 1106587106 1418686224
                                       1508817266 3053778500 509372260
                                       1897247369 3808298311 409677653
                                       571568517 1742742108 2846312212
                                       1065563673 3237415183 1439766883
                                       1464569318 339539454 3289504747
                                       4084377576 1176652817 716779258
                                       1385023728 1983561277 939510431
                                       2027797757 2326151277 2826254778
                                       3874304084 1884041146 1522044844
                                       4212315861 3225651989 929225712
                                       2600399445 3807371448 948073133
                                       123027613 2162755685 4114036417
                                       3086862832 29021776 2482721193
                                       3675009538 524375602 1725190640
                                       1601337350 2651205501 3673649497
                                       3939547222 1373420069 1848761504
                                       2414337818 2788794211 4233554138
                                       3799468855 3016260208 1667347737
                                       3029931751 1539841170 3118186214
                                       1438651230 3397936252 1427906522
                                       1273368013 2922682094 3683534193
                                       1596598929 2222050111 1920882119
                                       1058210574 2881835455 4238496851
                                       1420499333 1093445302 27820663
                                       2552739841 1791552055 1625630383
                                       473176652 3722556653 1571682795
                                       758246390 3526208263 1504555046
                                       719939455 3646102879 2549568080
                                       3599733483 1068787001 3192245888
                                       3555781072 1934980071 156776235
                                       3708400464 3679229094 380132525
                                       3623841354 810825036 592245885
                                       2125346995 2835951426 1554743406
                                       3019300876 939722368 2061981325
                                       1657438855 3546611278 2187226455
                                       3619596537 3267045340 1094293069
                                       1358973105 1537381058 2900455118
                                       1944564432 4103263064 2483456295
                                       3873970443 958791454 4108650566
                                       2227420421 91029259 4087320793
                                       4260481702 1918598700 72601865
                                       1873269370 545000228 979315458
                                       2514409372 1027170042 2056715083
                                       3446461159 1080617591 1302662046
                                       3319983959 1450484366 2825704855
                                       1384491136 2451744763 316116314
                                       3877141695 1025534769 3830845655
                                       2461782684 1578044094 2523032391
                                       82926901 4130236280 452498451 3347043424
                                       283418046 2637844787 2358366874
                                       1242045741 1374039984 2796845255
                                       2638780295 3884830986 984223613
                                       647079066 491477876 1740053332
                                       1899137809 2408844874 2475787045
                                       2897134445 3695311063 768649965
                                       2433557438 1856044801 2498602009
                                       1816862252 1116937153 3721981237
                                       1771950866 2716068779 4049763816
                                       2408406447 717704328 1146116982
                                       1372036430 2291838129 1233665179
                                       2731964112 2314991241 1755682884
                                       1069982098 2631971476 412269023
                                       920542331 1416905840 2921326709
                                       3440511523 994658981 947998926
                                       3349823400 3928915022 2726983038
                                       2279711346 968267597 2256539085
                                       505230579 2968265555 3499815394
                                       1362828969 1217490183 1166967510
                                       914193767 3773671107 3584215057
                                       3103362561 4284702334 2978801413
                                       2358149199 732499555 33637 1680856918
                                       2506416560 505688450 85017622 2625989036
                                       3014148676 4095393382 3500688918
                                       2846054527 3456877965 1529375861
                                       3567793220 3974361021 899301493
                                       1862681013 3252074724 3834068384
                                       3669447442 2150832701 374704951
                                       3856991961 3269489929 33260763 329277068
                                       2916703942 2447062316 2090934357
                                       786177342 319182307 2878806727 745940152
                                       4273499464 1309468387 1625139507
                                       1153209948 3893477443 2209220585
                                       1722650761 676216217 2285276937
                                       3236387001 3169174404 410032786
                                       143607497 750061626 421046844 2447536105
                                       1485046195 73776921 3474872584
                                       1785792142 4246934693 1582453102
                                       3084499857 28983097 1220276602
                                       1580217534 744351208 2769418902
                                       2926125640 2057546644 1456181366
                                       389963227 1114463112 406536053
                                       2549462356 3041898944 1196174486
                                       3705302400 439991536 3492316556
                                       1817300970 3373069491 738032044
                                       2171493151 2094183764 3375426965
                                       147502307 3978243537 2791663803
                                       3160003607 3245323635 3858948403
                                       3714461526 3087224690 3899944656
                                       987867483 396162133 1950834491
                                       3201120301 747449310 3107838860 9585596
                                       3084488213 1992365017 1199576321
                                       3275092842 2640860656 3641718125
                                       2052951305 2159108363 569151957
                                       3759191592 1510870713 781695696
                                       1198422033 281033734 286423571 603391113
                                       2226350276 2736936472 3416878412
                                       721535024 2522928005 2073932603
                                       951064328 584823604 2027436498
                                       1967323233 1764376728 757194545
                                       2806093224 2519360715 678848820
                                       1924170520 738102298 522844160 487863076
                                       685763138 3195179232 522375077
                                       2501438757 4127885464 2585830627
                                       2490841777 557685890 2328548340
                                       2785957002 936980014 686781775
                                       3766461339 3071858912 1678915900
                                       522339199 3844493687 2198728371
                                       2701873828 1675639158 2259298246
                                       3192389388 2459687109 3260515555
                                       2543453255 460259559 3147011432
                                       2027978738 2447208500 3366289980
                                       4135190262 906528043 2092609719
                                       1947002393 1893773028 1845213694
                                       2342483363 3252368139 4292427279
                                       1802096839 2882158298 2597013927
                                       3536002444 675798107 1725875852
                                       1582950582 751732118 3351299845
                                       4248366184 2680592044 1256675283
                                       3408763378 322126608 1877898287
                                       323448032 3128211640 2050276670 76293751
                                       480801301 869351002 3469719707
                                       4117206376 3082715726 1695435426
                                       3380657493 913768882 1993975188
                                       3145335636 4242603204 1935355219
                                       543302910 2590986978 587252828
                                       3786890676 1362933472 4267460316
                                       983717187 2155385657 912215662
                                       2325501164 517612180 1237424494
                                       2134810142 3294734591 2956877620
                                       373039867 577272067 399371189 2279756087
                                       3958744168 548985604 3320391621
                                       1677300257 3225275149 4257471796)))