#S(RANDOM-STATE :STATE #.(MAKE-ARRAY 627 :ELEMENT-TYPE '(UNSIGNED-BYTE 32)
                                     :INITIAL-CONTENTS
                                     '(0 2567483615 345 2396676527 1179945883
                                       1560241690 1318794254 624121225
                                       140075774 813140906 2460048326
                                       4179899908 2951110855 1920973745
                                       1681785261 2413184873 1074669877
                                       335533312 3772544730 3931282133
                                       2808353936 1605980667 3081448951
                                       3184364527 1440115617 2012811599
                                       1482948839 1777307956 92065330 60109676
                                       854022914 2967975811 1197985131
                                       2448601006 85714024 3728898603
                                       3877995928 3267583415 1110609115
                                       1950458902 290732767 97318712 3251925077
                                       233835594 2459993143 1182920362
                                       2216686753 980217236 2731529677
                                       1250027777 2207548349 4190973692
                                       495658351 1525352664 3077819794
                                       970791865 1999507970 1315816987
                                       1197447715 2193927949 893129420
                                       1187601913 1028529221 2006391678
                                       2506913567 4042239210 522053241
                                       3863027213 1092927416 2977468349
                                       1734294866 176409849 3158973535
                                       1005493893 3595608390 4169707671
                                       841013296 3535490596 1954386548
                                       3221954399 3581987538 240557584
                                       1074626172 2521363840 2525818445
                                       1425876999 2084756346 1583277123
                                       2387575529 2414710945 3191313795
                                       3024031696 1235886522 902149535
                                       2200581499 3803739585 2320051496
                                       2421552342 2172272915 2831232282
                                       3614232366 3918549337 2692673738
                                       3632413204 3196472701 2597927330
                                       3568517932 1484914991 2318180818
                                       1039596390 964387687 3106213886
                                       1617801448 2232476907 2385683501
                                       3234132389 1756895454 990187250
                                       3151835752 3192430444 3718809436
                                       1129984167 2569882388 569455494
                                       776086021 2617134652 4054202110
                                       1988628202 3364723228 3804896555
                                       2536842257 1558338228 4188543731
                                       444283270 1160932462 2888705418
                                       2387593818 4161117185 527982413
                                       651324307 3596157634 4176952568
                                       816922264 2396112219 3448518479
                                       3041684151 1735683818 1120541351
                                       1748410716 3235127330 3788782734
                                       4101714825 1155403821 2178576365
                                       1988678528 2767475874 3506781630
                                       3047796510 1609223999 3736600723
                                       3044082917 2294558076 847254995
                                       2252000910 547734510 916468352
                                       3824899558 3291049562 2176834205
                                       3955270071 2552623825 738757113
                                       1935330463 3575620195 374399490 94170656
                                       3726009683 218977481 329758199
                                       2523655630 4065139974 2496689485
                                       3612463882 1206868169 2265154409
                                       1952501234 3566666033 354226584
                                       2421137210 3403410714 1409693740
                                       1131832743 2196530806 3391358383
                                       1408819112 2826394931 320732515
                                       2088316628 1290739619 1820928517
                                       1021492391 1153883412 3821941081
                                       363409048 3378443623 3702453205
                                       2044175566 4225354187 513586289
                                       3500033717 3992808316 2067092985
                                       2891080674 2693511309 864817953
                                       3296512826 3095155613 1656058804
                                       3998828110 489685372 2320719071
                                       3570311868 3095541836 2009835996
                                       2480448499 2699398410 3032044281
                                       4109346555 4038668383 1429011503
                                       616636411 1647390032 826678145 746605279
                                       121456016 555829671 2452446278
                                       2299627155 1034325878 50282092
                                       2492511432 1412057831 3367447128
                                       1430402630 1007919953 2325373221
                                       461999296 4025495512 1126699395
                                       3387719324 1627702668 4087612630
                                       26371145 3449625069 548241687 1352355044
                                       2289399296 2062231211 2914572267
                                       3868192957 1884117788 1216601026
                                       1578436052 127585623 3985902654
                                       1381985659 360739057 2849419954
                                       3486836649 2054202786 3998389591
                                       2829657901 3434692921 1301232563
                                       668082701 3220289002 3121482664
                                       1376820802 4049064645 367466911
                                       838676432 2884100967 3411585104
                                       559584672 782846709 1328275569 773685555
                                       2996653633 140215986 489011659
                                       2648411612 80060520 4004844954
                                       2174505368 3322743102 3493833878
                                       4260762379 1171398242 849729469
                                       706422964 385109138 1733317676 661996843
                                       69788063 1317032028 564834053 143433106
                                       3851284217 3404969344 3805295700
                                       540150441 1771611777 3895726204
                                       3058576017 3437742757 2817040118
                                       2067165297 290419995 3641854840
                                       1410181699 743705478 2109423826
                                       3053277670 3085726587 3788994188
                                       2169100218 1184842949 3461385142
                                       4198990957 3554105267 4109920410
                                       65896245 3607501242 67276330 2352467748
                                       22815601 2689359663 359106039 2240170911
                                       2679000766 2292385446 4085263817
                                       2829645035 2354071570 859235834
                                       1601739363 1459090784 1080496506
                                       1970131599 3926550730 2156522444
                                       2171668682 3889211722 23489316
                                       1788815813 4084278498 2074178261
                                       1096901687 2396627680 3998210232
                                       772066638 1201545258 2922217464
                                       2644355453 3657165244 1251553072
                                       1848764161 1179802302 3844297490
                                       3164409098 3424726288 345065495
                                       3094630296 2518338792 296211740
                                       1536837286 1660981583 1257569310
                                       3882953047 3592375330 1950224965
                                       1812990886 127370841 648953246
                                       1438281035 1385991656 2033515281
                                       1295431554 2816338126 1912884821
                                       1084069370 333721934 3858040964
                                       3530793114 3225626729 4232888992
                                       3592695663 1561862191 87513368
                                       2944404822 1176248371 317338540
                                       3062398194 3734804256 2652756640
                                       1072377806 2907642980 3947821912
                                       4289196023 2803479373 2767094575
                                       2876998736 406980088 3874670729
                                       2688986983 1825926517 2510900234
                                       3770577624 2355420484 3516327430
                                       571271175 1111563910 3596834737
                                       1508580833 722138693 255446564
                                       2216396391 995632143 113496006
                                       2989235728 4251365915 4144307234
                                       1645400722 4074645816 2026955710
                                       2360006908 211617805 1081752615
                                       669602994 2716018269 2467146818
                                       2687485589 3429120973 562932148
                                       3963487357 1446319304 3661855959
                                       810320541 2364456468 3627409870
                                       2788984831 257615191 4091124385
                                       2529648603 1175705426 1237273248
                                       4189413846 2824709728 162553642
                                       1232181928 804790115 38682892 2366147152
                                       856730271 2211793225 593064021
                                       1286704791 1118940801 3424205505
                                       1235462578 2079486736 954439532
                                       3741806276 1788122827 3017743006
                                       286076874 1423614746 2806929685
                                       4028030067 3848429310 2484841753
                                       2517910752 3432176711 2204394431
                                       1619821686 3330700365 1790535736
                                       1260392639 2099589132 2699180138
                                       1236686013 2761954158 1418522903
                                       3607999134 2973924954 1146877727
                                       3508170256 460919814 1113419798
                                       2039027420 3728264386 1247653848
                                       1789399175 362061485 4130156486
                                       868219919 2392730602 4137114098
                                       3597170057 2079122963 261173281
                                       867766670 777838651 2330981251
                                       3134986105 3517069217 3331883897
                                       1757950569 2337514469 2809764447
                                       312988646 1467720517 2310369804
                                       3856057185 679879854 2873285620
                                       752238015 1122006961 3749141814
                                       1257063932 3369654622 1861614720
                                       3198278603 3764915976 1930753529
                                       49402000 1136644682 1463340055 638462022
                                       2831242547 1052591095 3213957062
                                       2516687451 1871877169 4289926077
                                       44302049 898631743 251832169 3944726419
                                       3427129379 1577979196 3342923793
                                       1039056298 592267074 1321490243
                                       1063881032 1550518469 1339856515
                                       2300282058 1332205676 3392821793
                                       835557885 2680356182 881257230 450543071
                                       3136424449 1011699515 2134454931
                                       1512063057 3750786470 584457316
                                       3137549720 1596479549 3071887935
                                       1608629425 2709159174 1886668495
                                       352308575 784797873 2556848138
                                       2016856243 1283676784 1592484119
                                       2847691486 786048578 246008014
                                       1311088491 2411225767 1232638949
                                       601923077 820803081 3668746014
                                       2072002229 193115972 1356718047
                                       3801890678 3747574018 3345931247
                                       3747476679 4145507242 1338086141
                                       503950158 1868494189 937899580
                                       2073038779 1907503808 1470863053
                                       2491164034 2379779956 2305080344
                                       2641354861 648735238 2724612211
                                       3971034502 1122811258 1252284541
                                       4218166405 1752097077 525371568
                                       2819549224 2440379411 2616889267
                                       1412134337 2570340926 603468803
                                       694907857 1910869342)))