#S(RANDOM-STATE :STATE #.(MAKE-ARRAY 627 :ELEMENT-TYPE '(UNSIGNED-BYTE 32)
                                     :INITIAL-CONTENTS
                                     '(0 2567483615 247 843814135 2821761255
                                       1857496763 3574702676 1412114704
                                       1278104400 390478549 1430006692
                                       3192363361 3988500520 1855774992
                                       1607992346 3958454844 3654989545
                                       3753085175 3357423406 1129840646
                                       2404668081 1900149883 3598035944
                                       3377444645 2829446470 968598467
                                       2303631594 4007132909 3386966025
                                       1296899115 1879755651 606919882
                                       1812444798 2609419224 4290204694
                                       2201232179 1395543505 3974287420
                                       1225544192 1201682527 1025076486
                                       2461141305 1398834672 669126247
                                       3178528493 1374033167 342548714
                                       638950387 3963595024 2792530536
                                       4205739493 3302177427 1177996678
                                       2716132206 743278731 826940322
                                       1512450805 2887682222 1360482945
                                       2806752700 2633302920 956846613
                                       4273684628 2519452087 763862987
                                       2406726461 1588128210 2539681382
                                       1666534555 3005772403 1143879024
                                       750899502 2200997094 3684871274 10437599
                                       2212997376 1704275279 3857366668
                                       2673386236 1507151128 3087425247
                                       677058738 2749867576 2532756942
                                       3641029381 1192853971 3570774987
                                       835661807 3967662989 4278716859
                                       1750265910 2218108106 3294208385
                                       272654870 2055323429 2519312695
                                       3922573364 1378491955 322167378
                                       2758414432 1725704945 3632489037
                                       3614105741 1597192157 3237434195
                                       642462703 868957234 512339734 2423972452
                                       861107035 3674018107 2016411806
                                       1889898682 3653425289 4128779626
                                       3703669077 1947360568 1640053881
                                       1473643597 2961744727 1037868470
                                       2409460392 947152405 1583288169
                                       1730628397 1662707760 1526265172
                                       1449190846 2266280072 1598786917
                                       1641900307 3804251830 631393116
                                       2105889612 3876333210 518953575
                                       2858463751 2919002042 2115560356
                                       1132730398 64810216 1719064005 842211166
                                       1636009489 4154911168 3458750961
                                       1694056398 2018473154 1744316687
                                       3549101970 2326730404 1644445385
                                       444840525 569848277 712160462 3415024754
                                       1469288422 847852130 3825366815
                                       1981209019 3079983513 1610103586
                                       2749934035 336503334 3626172552
                                       2910201579 216519868 897964759
                                       1360976793 4126377788 3242420456
                                       1421182530 1295214961 1583846347
                                       2813917816 2054038743 3525659757
                                       2199656740 2962337441 2560258542
                                       1946773242 399824591 1140547020
                                       3753079921 2556085215 631454521
                                       1836316449 1313594062 4236279445
                                       2151956230 842628355 1487019256
                                       1492684124 2396990112 2129770368
                                       1973502966 2247779844 3271010045
                                       2081044085 2515986074 2900474153
                                       3823473714 1561773630 2168990590
                                       1120200243 855895290 3812274531 48187177
                                       1023852311 874943657 3268915975
                                       1206118457 2774496209 29845790 261714607
                                       1530794130 3703377721 1963138725
                                       1718902942 3927354029 363972324
                                       4227202728 3452914691 2341196456
                                       318431086 4142403976 1848242635
                                       3571611463 1772690701 3008031059
                                       266269579 3248505775 1643396302
                                       202964220 2626546167 2581193215
                                       897180368 3962299525 1206154899
                                       1165963591 2607514717 3373457006
                                       2634646531 2908893440 1077856198
                                       2035441899 1773292401 3484278835
                                       1185220657 3778975175 2038991665
                                       507097870 3838084359 1306308875
                                       2675039660 2535970866 1060702004
                                       853791600 1758685191 1432655651
                                       3132984525 2228309936 2829125324
                                       1257240841 2140152948 1693340750
                                       4227945318 3656078268 4172031355
                                       2053924090 2909175486 41157277
                                       2516456360 2048196994 1199672891
                                       3350061742 3582294246 1202083259
                                       57082576 1633993144 533625123 612661300
                                       2531433587 197726765 818168441
                                       1105253805 2563599825 1488401454
                                       3869666148 2479338444 3438930563
                                       1199546825 448401567 1255101878
                                       3569868167 2026048504 2105399868
                                       1305228491 2793338287 104920917
                                       1112027104 833374560 299467443 294220411
                                       436293179 1629175932 1886508083
                                       4051446905 230724531 1595014501
                                       2574298210 176916598 3966203902
                                       1039371077 147612640 917106273
                                       2722158058 240136034 2686873056
                                       3142961425 1864800390 3658347565
                                       654302081 1405838202 113152642
                                       2876338479 2446353201 1883481509
                                       4024847849 105051108 2898952734
                                       1903456089 885007634 3802945845
                                       3523139010 835333784 2046794109
                                       3075073676 16889113 695687148 1589898588
                                       3814006246 3771484002 2532684551
                                       311659517 1826237614 2005778135
                                       1900491441 3410867178 3285733132
                                       2952593535 3929698342 235091438
                                       4045545518 3934802138 647294401
                                       2980840167 2666070297 3183447330
                                       125178472 876833907 1676703918
                                       1235680212 1202029940 2066794392
                                       3579435034 2154501249 1470303337
                                       3011243577 2809964270 1266400380
                                       426034588 2076721949 3966455512
                                       2780034450 1129187019 1193603854
                                       2584418305 2424985745 2073146226
                                       4032155652 1495501570 124091948
                                       3246249036 2854175592 1817753187
                                       1116080991 3007448126 1684762695
                                       3732718532 410443472 1452685842
                                       1216230216 3965689813 2257540720
                                       2033855617 3996576053 3293138296
                                       94087066 1583866063 1238753774
                                       3567143118 340866212 493350629 100851185
                                       4246501147 616690273 479550468 181132142
                                       2195383508 2442452227 2778566457
                                       1547028398 2814976289 288271386
                                       1328539616 2579289171 931251363
                                       329387172 558967855 1735943117
                                       3265470211 196922038 1110577125
                                       3357370855 2457985947 1603732459
                                       1263451531 3969856645 1185086254
                                       767346904 4089109298 1158060601
                                       763118728 3642389384 2654589184
                                       2170508720 4132464790 4097940962
                                       538296791 2458419600 2335641019
                                       2036788662 108590256 3076906454
                                       2502164414 367856226 138641547 260356533
                                       3091968991 444970132 2692189870
                                       3000417222 1803976896 3205902600
                                       3558566538 4246694261 2390325050
                                       2822464257 2239872861 2154389462
                                       3176766798 1166684127 3184953000
                                       236503190 865218290 4171008684 747007213
                                       3957315802 602309428 709003706 547776981
                                       328113619 605278552 2144649606
                                       3927578697 2413461154 3917296749
                                       339624178 3984671298 3754429627
                                       3247410836 3992360428 750059591
                                       2504433993 2176541093 3670556645
                                       2481861098 100138601 4274782600
                                       203642557 868194405 2384649528
                                       3804152991 3713231185 592875102
                                       4268051952 3713184121 1600320583
                                       442291979 3606368603 144012612
                                       1755440046 4046037317 1278831371
                                       142008699 3183047050 795577349
                                       1607305370 1855576497 2569954357
                                       648541688 4150363866 2545364045
                                       3336086988 3401676262 3850831473
                                       2704402588 3173380554 480094889
                                       3152548000 376240816 2071027093
                                       2780034513 1947668880 357558382
                                       3671724565 1788311962 3642079952
                                       4198233038 1793467324 1438007222
                                       2742740713 2782514085 1982164574
                                       414665353 1828579246 1853712958
                                       1601980741 1024887096 3931756077
                                       314230446 4220291459 3467524430
                                       3382677610 308771704 1213045815
                                       2486727279 1544996435 4001897053
                                       1361980965 1594840058 722628282
                                       2149003762 730681634 604536185
                                       4275938090 2101557364 4149863740
                                       3799763149 2174194555 2482879817
                                       1112485467 2528066174 38705160 144641446
                                       3714439423 1105843749 2810372150
                                       3190417630 3188836080 3885460777
                                       2648119822 2121267386 4061810652
                                       4022091606 122772333 373627088
                                       2210027157 205647351 119470839
                                       2425073989 3124053696 2554776892
                                       428086020 316251252 2939198346 7934421
                                       2394707071 1102878665 3288929544
                                       2247365803 1422326270 3590816385
                                       483593056 2848396618 2311703091
                                       3513662866 4287647258 3445005049
                                       39848136 2132410608 560020606 2255968796
                                       821567995 2553834910 2968691509
                                       3119250886 7526664 2103808414 3073109399
                                       3543704942 1850485505 3398152641
                                       754024501 1361208322 2665056336
                                       3448607967 2914243034 2614971279
                                       1855166121 1871850922 2931096831
                                       1691350942 1108053832 2026470349
                                       2655689323)))