#S(RANDOM-STATE :STATE #.(MAKE-ARRAY 627 :ELEMENT-TYPE '(UNSIGNED-BYTE 32)
                                     :INITIAL-CONTENTS
                                     '(0 2567483615 212 625893680 1096135776
                                       3425747675 2790614024 1634001751
                                       706329349 3683325981 4139452294
                                       3730926645 2861692177 3025564372
                                       96522750 3498533618 1911655541
                                       3368694684 3958594296 19936312 189700039
                                       4129506445 1397964856 2576598165
                                       1971016707 418637006 420450441 554855666
                                       1605802443 1527331415 2068027074
                                       993806821 4285557749 291432488
                                       2172585389 1503674463 3479133667
                                       1858129287 2231547927 2566014073
                                       1354703982 344713323 1986591540
                                       2649489695 3722231085 1508651303
                                       2541596113 2611236139 2787599551
                                       3291400579 515108207 1381419220
                                       1813480250 1605586048 456794854
                                       4277818852 400468936 1621306256
                                       3566491459 3175851837 1719584762 9992975
                                       3181456495 2984441368 943336672
                                       110615053 3651106136 3329030712
                                       2343946201 4014448862 274680375
                                       654106412 2124223962 3362331596
                                       2755794174 964822274 3477549114
                                       3441348271 4151138725 869930825
                                       2268604711 2895160397 3135740334
                                       3368689482 2533836594 1455783875
                                       2242691668 1083162314 246250955
                                       4219660102 2899813591 1749096924
                                       174835985 2149497674 777966265
                                       1159996490 2244898401 114146242
                                       2270677758 1535016824 513988489
                                       4216756368 3313943035 1708936440
                                       2586574402 481792976 3636420742
                                       1165700580 2243874796 1794471536
                                       4121571046 3044630715 1614773324
                                       1553334076 2134735434 4259024035
                                       2885009839 482895817 3698634852
                                       413157032 3876768543 2306566833 73155923
                                       1368854593 2179196152 2024827565
                                       2016357450 2174156434 215937944
                                       210224345 586351994 1008006744
                                       1574879639 2721036325 3941660856
                                       2140204435 3151827126 1911044945
                                       2439766369 150000213 599044136 676916996
                                       2832813889 291889085 2111876206
                                       2862796860 2455598430 3600793288
                                       4056869959 2949099147 1427456360
                                       494211085 1872938013 1678404824
                                       2157573158 2797841354 4167772168
                                       2213642009 780407749 4014890796
                                       3008965269 2974027994 113406320
                                       3154244897 657642291 1207780143
                                       2944052954 1111162548 3924587129
                                       790846050 3475394015 2026979192
                                       1363830953 315828398 2663564903
                                       2339956089 2474329912 2955261786
                                       456755244 3476178153 3406130718
                                       1730924036 98810613 1380491510
                                       1774346257 2981374259 410087709
                                       3300988985 1126713676 403135897
                                       2341838148 3038793164 3069089748
                                       633163033 1445189558 272622202
                                       2637100773 1753795183 115297337
                                       3223675067 737505937 3444537148 71668536
                                       1787666585 4284614344 3306333338
                                       3192364040 308012542 498635321 325174106
                                       3337164169 317400333 3559150521
                                       1074488197 1986144847 2166666223
                                       4102715520 1501937647 2393777233
                                       2096400656 528729523 542104198
                                       1754882739 1888650639 9454176 3797329023
                                       896414456 1693943114 2561993082
                                       2768755155 1939252983 2064466210
                                       3826651137 189604946 2718924325
                                       4071096284 1823719057 682639053
                                       4011283952 2639256863 528379342
                                       4135985868 4102576140 846964781
                                       1201230284 3950429966 3231024207
                                       3627272486 1844680777 2779656379
                                       1177469068 1700849415 1074911719
                                       2784147696 103100866 3053441354
                                       1245443835 3947129170 3594754014
                                       3990988984 231683899 421609865 179647632
                                       475928579 3196084332 50599836 2582926315
                                       660963677 4246880705 3385795662
                                       1639494647 1860702912 3132342860
                                       3613474176 1430711786 2532261584
                                       2711821401 3840153616 4144906104
                                       3726782786 2876241854 3070758515
                                       1165601802 839615130 47356547 4180522890
                                       734816651 3074972016 3562689315
                                       566603202 1191877844 1305778853
                                       1475312275 597904280 1000917039
                                       1597587867 2966529597 1082632767
                                       1702988616 3551863067 3161118724
                                       2598555089 2518736126 3477071856
                                       3862970149 3652956523 506833597
                                       956735359 3820079099 149478130
                                       2036376658 3927789863 150051430
                                       3725515988 3293727083 856500056
                                       3757858672 2121352045 3781286671
                                       2779207332 4026379878 3489453824
                                       1810845449 171729192 1755657654
                                       3383165090 441329968 8756005 2393538668
                                       209776998 74382138 2607189711 2607494054
                                       2992535995 2458403816 3238098819
                                       2931049890 3203413934 4141991888
                                       432157436 1719084709 245140426
                                       4267800424 2123410499 189201825
                                       2995671281 3243887353 1382340092
                                       1396490147 35230467 1063208383
                                       3289954852 1304730938 584711488
                                       805380419 1435153365 843363997 607050552
                                       2147650386 3659118058 2558781573
                                       896115337 1725521864 1945925540
                                       929493335 2920131958 2483618425
                                       1342487608 4188999373 3450066312
                                       3959253150 3075588823 1303672076
                                       580430796 3192946442 1456429799
                                       3764353546 1487895215 1013602964
                                       2890690685 2249282427 3058881577
                                       2963943458 2272344053 3515040511
                                       3253336376 2171323380 149992543
                                       1907859994 2952215869 2769617833
                                       4157002952 88981926 2623669291 966802693
                                       3861071220 2930464634 2677125360
                                       2898618599 462747554 463089696
                                       4031182747 4257159506 2955464541
                                       2850067780 3863953826 1436730078
                                       1896031987 2201505240 3652442779
                                       2747645524 2688627125 1643161512 7495644
                                       2485683479 1706160947 3277241610
                                       3708400730 3432520096 856130822
                                       2390314000 4240193928 2255733119
                                       2074182337 1129002384 4171381609
                                       2199177524 3751632911 345888162
                                       1267792757 1956334002 3659159586
                                       3703283007 1596658444 205563624
                                       1709873595 1450069323 3104958933
                                       725717885 1257392892 3335689874
                                       2959467966 2201166255 3553621011
                                       3307744534 2680899268 1479009943
                                       3452543188 3232101986 1524825368
                                       908280291 3912608147 3016693188
                                       3229533718 2013769030 1342768491
                                       3383946326 156287229 1102221243
                                       252103085 2952624695 2628930150
                                       349295668 1047699676 3476328540
                                       1570260808 1056148917 1002240790
                                       3444342778 3687463881 349293550
                                       3718616684 1307822813 1084152004
                                       3741465188 1389432284 2040682344
                                       3074651211 892614136 3182064503
                                       2961061758 285762531 3748027081
                                       4045477835 3572531169 3179693418
                                       3727692681 476667846 2389001759
                                       2144637417 2415078506 3333111320
                                       1825840278 3721561175 4138756555
                                       328151353 3586805668 4294193976
                                       2984114774 1527228407 1849173069
                                       3311310709 392998670 1045906716
                                       1460681594 2243663958 2220267198
                                       612830430 3567266548 592063772 24892649
                                       3791990098 2920450648 2679032934
                                       2775277667 1730435194 3519413920
                                       4074412405 1315936835 3335395477
                                       560931970 1137723115 3669357126
                                       1046218546 3221337628 818959898
                                       2572559010 1406079675 2057563724
                                       1242154255 3977729777 995398700
                                       751012353 550410482 3390855146 405230604
                                       2380379586 232541082 2295297620
                                       2503161628 495012273 36765364 2247090061
                                       377151901 2814110131 3258511601
                                       566466308 1836673807 866192389
                                       1796877022 2288338597 1677132356
                                       2866231290 3348013668 1116871032
                                       2416581331 1782125288 2291421695
                                       1156050132 2811778754 1654945299
                                       1185550166 1886734224 2653341476
                                       1448475950 3767151367 2001595073
                                       3264994282 943044675 505137176
                                       2748005357 3253783945 1990998377
                                       4040681697 57015567 2901074450
                                       3881076943 3629035799 1198609180
                                       1966743338 2122189404 351161532
                                       3080247376 713827131 2773582558
                                       1607899972 75809557 3327098688
                                       3345318567 277881408 252341477 807294253
                                       297984111 3322179206 4209761342
                                       1886951128 1179354656 3543464966
                                       1242852021 1405940181 2168247374
                                       2458669910 3917605173 2079187412
                                       1523808925 1304841506 2227779104
                                       2148534452 1062543654 1901721187
                                       613927851 2298341484 3323959763
                                       2416603710 3760664099 199071827
                                       4232510155 1164399316 2020804816
                                       2218155991 274284247 1744637284
                                       1135271623 3346358500 1275918601
                                       2852954036 154388282)))